719 9 4 
0.000000 0.000000 0.000000 0.000000 0.000000 0.000000 0.000000 0.000000 0.000000 
-1.000000 -1.000000 -1.000000 -1.000000 
0.000000 1.000000 0.966889 0.052958 0.086463 0.159023 0.056439 0.054855 -0.004304 
-1.000000 -1.000000 -1.000000 -1.000000 
0.000000 1.000000 0.966889 0.052958 0.086463 0.159023 0.056439 0.054855 -0.004304 
-1.000000 -1.000000 -1.000000 -1.000000 
0.000000 1.000000 0.966889 0.052958 0.086463 0.159023 0.056439 0.054855 -0.004304 
-1.000000 -1.000000 -1.000000 -1.000000 
0.000000 1.000000 0.966889 0.052958 0.086463 0.159023 0.056439 0.054855 -0.004304 
-1.000000 -1.000000 -1.000000 -1.000000 
0.000000 1.000000 0.966889 0.052958 0.086463 0.159023 0.056439 0.054855 -0.004304 
-1.000000 -1.000000 -1.000000 -1.000000 
0.000000 1.000000 0.966889 0.052958 0.086463 0.159023 0.056439 0.054855 -0.004304 
-1.000000 -1.000000 -1.000000 -1.000000 
0.000000 1.000000 0.966889 0.052958 0.086463 0.159023 0.056439 0.054855 -0.004304 
-1.000000 -1.000000 -1.000000 -1.000000 
0.000000 1.000000 0.966889 0.052958 0.086463 0.159023 0.056439 0.054855 -0.004304 
-1.000000 -1.000000 -1.000000 -1.000000 
0.000000 1.000000 0.966889 0.052958 0.086463 0.159023 0.056439 0.054855 -0.004304 
-1.000000 -1.000000 -1.000000 -1.000000 
0.000000 1.000000 0.966889 0.052958 0.086463 0.159023 0.056439 0.054855 -0.004304 
-1.000000 -1.000000 -1.000000 -1.000000 
0.000000 1.000000 0.966889 0.052958 0.086463 0.159023 0.056439 0.054855 -0.004304 
-1.000000 -1.000000 -1.000000 -1.000000 
0.000000 1.000000 0.966889 0.052958 0.086463 0.159023 0.056439 0.054855 -0.004304 
-1.000000 -1.000000 -1.000000 -1.000000 
0.000000 1.000000 0.966889 0.052958 0.086463 0.159023 0.056439 0.054855 -0.004304 
-1.000000 -1.000000 -1.000000 -1.000000 
0.000000 1.000000 0.966889 0.052958 0.086463 0.159023 0.056439 0.054855 -0.004304 
-1.000000 -1.000000 -1.000000 -1.000000 
0.000000 1.000000 0.966889 0.052958 0.086463 0.159023 0.056439 0.054855 -0.004304 
-1.000000 -1.000000 -1.000000 -1.000000 
0.000000 1.000000 0.966889 0.052958 0.086463 0.159023 0.056439 0.054855 -0.004304 
-1.000000 -1.000000 -1.000000 -1.000000 
0.000000 1.000000 0.966889 0.052958 0.086463 0.159023 0.056439 0.054855 -0.004304 
-1.000000 -1.000000 -1.000000 -1.000000 
0.000000 1.000000 0.966889 0.052958 0.086463 0.159023 0.056439 0.054855 -0.004304 
1.000000 -1.000000 -1.000000 -1.000000 
0.000000 1.000000 0.966889 0.052958 0.086463 0.159023 0.056439 0.054855 -0.004304 
1.000000 -1.000000 -1.000000 -1.000000 
0.018467 1.000000 0.966889 0.052995 0.086453 0.158900 0.056410 0.054792 -0.004678 
-1.000000 -1.000000 -1.000000 -1.000000 
0.036907 1.000000 0.966889 0.053070 0.086435 0.158654 0.056354 0.054668 -0.005425 
-1.000000 -1.000000 -1.000000 -1.000000 
0.018385 1.000000 0.966889 0.053107 0.086426 0.158531 0.056326 0.054608 -0.005798 
-1.000000 -1.000000 -1.000000 -1.000000 
0.000109 1.000000 0.966889 0.053106 0.086426 0.158532 0.056326 0.054608 -0.005796 
1.000000 -1.000000 1.000000 -1.000000 
0.018358 1.000000 0.966889 0.053143 0.086417 0.158409 0.056298 0.054548 -0.006168 
1.000000 -1.000000 -1.000000 -1.000000 
0.036798 1.000000 0.967103 0.053204 0.086314 0.158053 0.056280 0.054390 -0.006966 
1.000000 -1.000000 -1.000000 -1.000000 
0.055211 1.000000 0.967296 0.053302 0.086209 0.157586 0.056231 0.054175 -0.008130 
1.000000 -1.000000 -1.000000 -1.000000 
0.073597 1.000000 0.967471 0.053438 0.086102 0.157005 0.056152 0.053905 -0.009655 
1.000000 -1.000000 -1.000000 -1.000000 
0.091955 1.000000 0.967631 0.053612 0.085991 0.156311 0.056060 0.053578 -0.011542 
1.000000 -1.000000 -1.000000 -1.000000 
0.110287 1.000000 0.967775 0.053821 0.085862 0.155502 0.055947 0.053195 -0.013785 
1.000000 -1.000000 -1.000000 -1.000000 
0.128591 1.000000 0.967906 0.054067 0.085698 0.154579 0.055808 0.052761 -0.016386 
1.000000 -1.000000 -1.000000 1.000000 
0.146868 1.000000 0.968024 0.054333 0.085522 0.153541 0.055660 0.052284 -0.019345 
1.000000 -1.000000 -1.000000 -1.000000 
0.165118 1.000000 0.967857 0.054636 0.085430 0.152524 0.055454 0.051799 -0.022582 
1.000000 -1.000000 -1.000000 -1.000000 
0.183341 1.000000 0.967705 0.054971 0.085315 0.151377 0.055236 0.051253 -0.026191 
1.000000 -1.000000 -1.000000 -1.000000 
0.201538 1.000000 0.967566 0.055338 0.085180 0.150101 0.055050 0.050694 -0.030172 
1.000000 -1.000000 -1.000000 -1.000000 
0.219707 1.000000 0.967440 0.055731 0.084995 0.148697 0.054870 0.050080 -0.034527 
1.000000 -1.000000 -1.000000 -1.000000 
0.237849 1.000000 0.967325 0.056115 0.084731 0.147166 0.054726 0.049411 -0.039259 
1.000000 -1.000000 -1.000000 1.000000 
0.255965 1.000000 0.967220 0.056529 0.084441 0.145508 0.054650 0.048687 -0.044366 
1.000000 -1.000000 -1.000000 1.000000 
0.274053 1.000000 0.966789 0.056990 0.084232 0.143883 0.054563 0.047956 -0.049765 
1.000000 -1.000000 -1.000000 1.000000 
0.292112 1.000000 0.966048 0.057436 0.084031 0.142275 0.054489 0.047211 -0.055484 
1.000000 -1.000000 -1.000000 1.000000 
0.310140 1.000000 0.965005 0.057923 0.083831 0.140680 0.054485 0.046486 -0.061552 
1.000000 -1.000000 -1.000000 1.000000 
0.328133 1.000000 0.963665 0.058419 0.083694 0.139078 0.054588 0.045789 -0.068009 
1.000000 -1.000000 -1.000000 1.000000 
0.346090 1.000000 0.962029 0.058922 0.083472 0.137431 0.054974 0.045092 -0.074906 
1.000000 -1.000000 -1.000000 1.000000 
0.364008 1.000000 0.960096 0.059437 0.083282 0.135772 0.056386 0.044379 -0.082290 
1.000000 -1.000000 -1.000000 1.000000 
0.381884 1.000000 0.957861 0.059951 0.083022 0.134100 0.304924 0.043677 -0.090210 
1.000000 -1.000000 -1.000000 1.000000 
0.399716 1.000000 0.955319 0.060456 0.082746 0.132389 0.307200 0.042961 -0.098732 
1.000000 -1.000000 -1.000000 1.000000 
0.417502 1.000000 0.952461 0.060980 0.082379 0.130610 0.310040 0.042232 -0.107903 
-1.000000 -1.000000 -1.000000 1.000000 
0.435239 1.000000 0.949280 0.061443 0.081992 0.128811 0.313355 0.041503 -0.117780 
-1.000000 -1.000000 -1.000000 1.000000 
0.415995 1.000000 0.945764 0.061882 0.081547 0.127205 0.317650 0.040864 -0.127478 
-1.000000 -1.000000 -1.000000 1.000000 
0.396762 1.000000 0.941928 0.062269 0.081201 0.125777 0.322731 0.040296 -0.137004 
-1.000000 -1.000000 -1.000000 1.000000 
0.377544 1.000000 0.937785 0.062592 0.080771 0.124567 0.328392 0.039788 -0.146365 
-1.000000 -1.000000 -1.000000 1.000000 
0.358347 1.000000 0.933351 0.062922 0.080453 0.123494 0.334404 0.039347 -0.155547 
-1.000000 -1.000000 -1.000000 1.000000 
0.339173 1.000000 0.928641 0.063149 0.080075 0.122629 0.340655 0.038964 -0.164529 
-1.000000 -1.000000 -1.000000 1.000000 
0.320026 1.000000 0.923671 0.063398 0.079807 0.121921 0.347021 0.038619 -0.173293 
-1.000000 -1.000000 -1.000000 1.000000 
0.300909 1.000000 0.918458 0.063577 0.079486 0.121393 0.353423 0.038336 -0.181808 
-1.000000 -1.000000 -1.000000 1.000000 
0.281824 1.000000 0.913020 0.063768 0.079289 0.121034 0.359807 0.038086 -0.190044 
1.000000 -1.000000 -1.000000 1.000000 
0.262774 1.000000 0.907375 0.063900 0.079036 0.120839 0.366164 0.037883 -0.197963 
1.000000 -1.000000 -1.000000 1.000000 
0.280686 1.000000 0.901543 0.064071 0.078793 0.120571 0.372118 0.037631 -0.206838 
1.000000 -1.000000 -1.000000 1.000000 
0.298569 1.000000 0.895509 0.064190 0.078421 0.120212 0.377756 0.037341 -0.216682 
1.000000 -1.000000 -1.000000 1.000000 
0.316418 1.000000 0.889262 0.064330 0.078027 0.119790 0.383172 0.037031 -0.227531 
1.000000 -1.000000 -1.000000 1.000000 
0.334229 1.000000 0.882788 0.064421 0.077510 0.119287 0.388445 0.036699 -0.239411 
1.000000 -1.000000 -1.000000 1.000000 
0.351999 1.000000 0.876074 0.064490 0.076966 0.118728 0.393650 0.036364 -0.252351 
1.000000 -1.000000 -1.000000 1.000000 
0.369728 1.000000 0.869109 0.064541 0.076285 0.118102 0.398855 0.036041 -0.266391 
1.000000 -1.000000 -1.000000 1.000000 
0.387414 1.000000 0.861879 0.064499 0.075592 0.117427 0.404129 0.035775 -0.281562 
1.000000 -1.000000 -1.000000 1.000000 
0.405054 1.000000 0.854374 0.064455 0.074740 0.116703 0.409535 0.035592 -0.297902 
1.000000 -1.000000 -1.000000 1.000000 
0.422649 1.000000 0.846580 0.064310 0.073861 0.115932 0.415131 0.035567 -0.315446 
1.000000 -1.000000 -1.000000 1.000000 
0.440196 1.000000 0.838488 0.064091 0.072878 0.115135 0.420975 0.035821 -0.334231 
1.000000 -1.000000 -1.000000 1.000000 
0.457695 1.000000 0.830087 0.063828 0.071810 0.114296 0.427128 0.036381 -0.354286 
1.000000 -1.000000 -1.000000 1.000000 
0.475143 1.000000 0.821365 0.063448 0.070698 0.113447 0.433623 0.037225 -0.375652 
1.000000 -1.000000 -1.000000 1.000000 
0.492539 1.000000 0.812314 0.062953 0.069460 0.112582 0.440482 0.038283 -0.398357 
1.000000 -1.000000 -1.000000 1.000000 
0.509883 1.000000 0.802925 0.062376 0.068165 0.111714 0.447723 0.039534 -0.422435 
1.000000 -1.000000 -1.000000 1.000000 
0.527171 1.000000 0.793189 0.061704 0.066820 0.110861 0.455300 0.040920 -0.447921 
1.000000 -1.000000 -1.000000 1.000000 
0.544404 1.000000 0.783097 0.060894 0.065378 0.110023 0.463188 0.042419 -0.474840 
1.000000 -1.000000 -1.000000 1.000000 
0.561578 1.000000 0.772644 0.059939 0.063875 0.109225 0.241266 0.044010 -0.503227 
1.000000 -1.000000 -1.000000 1.000000 
0.578692 1.000000 0.761823 0.058868 0.062330 0.108485 0.222270 0.045676 -0.533103 
1.000000 -1.000000 -1.000000 1.000000 
0.595746 1.000000 0.750628 0.057677 0.060741 0.107820 0.208453 0.047390 -0.564491 
1.000000 -1.000000 -1.000000 1.000000 
0.612736 1.000000 0.739056 0.056363 0.059080 0.107258 0.197074 0.049140 -0.597422 
1.000000 -1.000000 -1.000000 1.000000 
0.629661 1.000000 0.727102 0.054927 0.057390 0.106832 0.187339 0.050905 -0.631907 
1.000000 -1.000000 -1.000000 1.000000 
0.646519 1.000000 0.714763 0.053372 0.055677 0.106581 0.178855 0.052672 -0.667972 
1.000000 -1.000000 -1.000000 1.000000 
0.663309 1.000000 0.702040 0.051708 0.053949 0.106560 0.171368 0.054427 -0.705627 
1.000000 -1.000000 -1.000000 1.000000 
0.680028 1.000000 0.688931 0.049947 0.052211 0.106836 0.164692 0.056158 -0.744886 
1.000000 -1.000000 -1.000000 1.000000 
0.696675 1.000000 0.675437 0.048104 0.050469 0.107508 0.158679 0.057853 -0.785750 
1.000000 -1.000000 -1.000000 1.000000 
0.713248 1.000000 0.661561 0.046195 0.048734 0.108720 0.153209 0.059515 -0.828231 
1.000000 -1.000000 -1.000000 1.000000 
0.729746 1.000000 0.647307 0.044241 0.047026 0.110657 0.148202 0.061131 -0.872323 
1.000000 -1.000000 -1.000000 1.000000 
0.746165 1.000000 0.632679 0.042263 0.045356 0.113662 0.143571 0.062688 -0.918023 
1.000000 -1.000000 -1.000000 1.000000 
0.762504 1.000000 0.617684 0.040284 0.043739 0.118250 0.139240 0.064180 -0.965323 
1.000000 -1.000000 -1.000000 1.000000 
0.778762 1.000000 0.602330 0.038326 0.042190 0.125437 0.135169 0.065612 -1.014207 
1.000000 -1.000000 -1.000000 1.000000 
0.794936 1.000000 0.586626 0.036397 0.040725 0.137168 0.131311 0.066972 -1.064653 
1.000000 -1.000000 -1.000000 1.000000 
0.811024 1.000000 0.570585 0.034537 0.039365 0.156548 0.127625 0.068251 -1.116642 
1.000000 -1.000000 -1.000000 1.000000 
0.827025 1.000000 0.554219 0.032770 0.038133 0.181066 0.124077 0.069454 -1.170138 
1.000000 -1.000000 -1.000000 1.000000 
0.842937 1.000000 0.537542 0.031118 0.037055 0.201202 0.120641 0.070569 -1.225106 
1.000000 -1.000000 -1.000000 1.000000 
0.858756 1.000000 0.520572 0.029600 0.036162 0.216177 0.117291 0.071593 -1.281501 
1.000000 -1.000000 -1.000000 1.000000 
0.874483 1.000000 0.503327 0.028235 0.035490 0.227861 0.114009 0.072524 -1.339278 
1.000000 -1.000000 -1.000000 1.000000 
0.890115 1.000000 0.485827 0.027053 0.035085 0.237621 0.110774 0.073355 -1.398374 
1.000000 -1.000000 -1.000000 1.000000 
0.905649 1.000000 0.468095 0.026074 0.035001 0.246240 0.107567 0.074082 -1.458733 
1.000000 -1.000000 -1.000000 1.000000 
0.921084 1.000000 0.450154 0.025320 0.035311 0.254338 0.104372 0.074699 -1.520281 
1.000000 -1.000000 -1.000000 1.000000 
0.936419 1.000000 0.432032 0.024816 0.036105 0.262390 0.101181 0.075201 -1.582933 
1.000000 -1.000000 -1.000000 -1.000000 
0.951650 1.000000 0.413755 0.024588 0.037510 0.270827 0.097981 0.075581 -1.646616 
1.000000 -1.000000 -1.000000 -1.000000 
0.966976 1.000000 0.397242 0.024674 0.039511 0.278354 0.094990 0.075783 -1.711203 
1.000000 -1.000000 -1.000000 -1.000000 
0.982471 1.000000 0.382330 0.025077 0.042219 0.285117 0.092120 0.075786 -1.776605 
1.000000 -1.000000 -1.000000 -1.000000 
0.998151 1.000000 0.368870 0.025805 0.045744 0.291157 0.089302 0.075573 -1.842765 
1.000000 -1.000000 -1.000000 -1.000000 
1.014004 1.000000 0.356722 0.026853 0.050188 0.296420 0.086496 0.075133 -1.909625 
1.000000 -1.000000 -1.000000 -1.000000 
0.993085 1.000000 0.345757 0.028170 0.055451 0.301089 0.083737 0.074505 -1.974767 
1.000000 -1.000000 -1.000000 -1.000000 
1.009283 1.000000 0.335859 0.029799 0.061578 0.304821 0.080937 0.073640 -2.040581 
1.000000 -1.000000 1.000000 -1.000000 
0.988664 1.000000 0.326924 0.031659 0.068137 0.307843 0.078164 0.072595 -2.104680 
1.000000 -1.000000 1.000000 -1.000000 
1.005228 1.000000 0.320705 0.033783 0.074334 0.307817 0.075443 0.071206 -2.169390 
1.000000 -1.000000 1.000000 -1.000000 
0.985038 1.000000 0.316945 0.036036 0.079505 0.305200 0.072839 0.069555 -2.232413 
1.000000 -1.000000 -1.000000 -1.000000 
1.001954 1.000000 0.315374 0.038440 0.083602 0.300076 0.070250 0.067599 -2.296186 
1.000000 -1.000000 -1.000000 -1.000000 
0.981961 1.000000 0.313947 0.040893 0.086967 0.294957 0.067681 0.065561 -2.358526 
1.000000 -1.000000 -1.000000 -1.000000 
0.998952 1.000000 0.312652 0.043446 0.089713 0.289599 0.065061 0.063367 -2.421819 
1.000000 -1.000000 1.000000 -1.000000 
1.015926 1.000000 0.311476 0.046063 0.091858 0.283985 0.062415 0.061030 -2.486094 
1.000000 -1.000000 1.000000 -1.000000 
0.995957 1.000000 0.312281 0.048554 0.092954 0.276506 0.059955 0.058545 -2.548969 
1.000000 -1.000000 1.000000 -1.000000 
1.012944 1.000000 0.314863 0.050976 0.093242 0.267221 0.057612 0.055855 -2.612845 
-1.000000 -1.000000 -1.000000 -1.000000 
0.992931 1.000000 0.319095 0.053180 0.092815 0.256668 0.055535 0.053117 -2.675456 
-1.000000 -1.000000 -1.000000 -1.000000 
0.972924 1.000000 0.322956 0.055208 0.092172 0.246786 0.053696 0.050482 -2.736934 
-1.000000 -1.000000 -1.000000 -1.000000 
0.952943 1.000000 0.326476 0.057036 0.091324 0.237485 0.052169 0.047978 -2.797302 
-1.000000 -1.000000 -1.000000 -1.000000 
0.932996 1.000000 0.329685 0.058643 0.090294 0.228691 0.051040 0.045629 -2.856551 
-1.000000 -1.000000 -1.000000 -1.000000 
0.913088 1.000000 0.332608 0.060043 0.089108 0.220381 0.050410 0.043455 -2.914667 
-1.000000 -1.000000 -1.000000 -1.000000 
0.893219 1.000000 0.335272 0.061235 0.087787 0.212469 0.050423 0.041489 -2.971642 
-1.000000 -1.000000 -1.000000 1.000000 
0.873389 1.000000 0.337697 0.062222 0.086353 0.204951 0.051240 0.039754 -3.027459 
-1.000000 -1.000000 -1.000000 1.000000 
0.853616 1.000000 0.338184 0.063013 0.085004 0.198979 0.052723 0.038332 -3.082155 
-1.000000 -1.000000 -1.000000 1.000000 
0.833888 1.000000 0.336934 0.063602 0.083714 0.194301 0.054770 0.037219 -3.135683 
-1.000000 -1.000000 -1.000000 1.000000 
0.814180 1.000000 0.334134 0.064003 0.082472 0.190755 0.057184 0.036419 -3.187994 
-1.000000 -1.000000 -1.000000 1.000000 
0.794469 1.000000 0.329963 0.064229 0.081279 0.188199 0.059789 0.035930 -3.239047 
-1.000000 -1.000000 -1.000000 1.000000 
0.774740 1.000000 0.324584 0.064293 0.080141 0.186552 0.062335 0.035730 -3.288795 
-1.000000 -1.000000 -1.000000 1.000000 
0.754983 1.000000 0.318150 0.064209 0.079068 0.185732 0.064652 0.035786 -3.337204 
1.000000 -1.000000 -1.000000 1.000000 
0.735193 1.000000 0.310803 0.063972 0.078072 0.185678 0.066637 0.036056 -3.384234 
1.000000 -1.000000 -1.000000 1.000000 
0.752301 1.000000 0.302674 0.063605 0.077084 0.186088 0.068400 0.036511 -3.432183 
1.000000 -1.000000 -1.000000 1.000000 
0.769311 1.000000 0.293838 0.063120 0.076106 0.186948 0.069919 0.037119 -3.480991 
1.000000 -1.000000 -1.000000 -1.000000 
0.786219 1.000000 0.284364 0.062519 0.075162 0.188242 0.071154 0.037857 -3.530607 
1.000000 -1.000000 -1.000000 -1.000000 
0.803098 1.000000 0.275833 0.061817 0.074141 0.188784 0.072547 0.038695 -3.580900 
1.000000 -1.000000 -1.000000 -1.000000 
0.819986 1.000000 0.268148 0.061057 0.073056 0.188652 0.074060 0.039605 -3.631832 
1.000000 -1.000000 -1.000000 -1.000000 
0.836894 1.000000 0.261221 0.060227 0.071906 0.187875 0.075673 0.040590 -3.683392 
1.000000 -1.000000 -1.000000 -1.000000 
0.853825 1.000000 0.254976 0.059324 0.070707 0.186492 0.077392 0.041629 -3.735576 
1.000000 -1.000000 -1.000000 -1.000000 
0.870774 1.000000 0.249342 0.058374 0.069464 0.184549 0.079213 0.042715 -3.788390 
1.000000 -1.000000 -1.000000 -1.000000 
0.887737 1.000000 0.244256 0.057353 0.068177 0.182052 0.081155 0.043847 -3.841844 
1.000000 -1.000000 -1.000000 -1.000000 
0.904708 1.000000 0.239664 0.056289 0.066840 0.179057 0.083240 0.045012 -3.895948 
1.000000 -1.000000 -1.000000 1.000000 
0.921683 1.000000 0.235516 0.055175 0.065460 0.175640 0.085488 0.046213 -3.950710 
1.000000 -1.000000 -1.000000 1.000000 
0.938601 1.000000 0.230175 0.053971 0.064173 0.172819 0.087378 0.047426 -4.006234 
1.000000 -1.000000 -1.000000 1.000000 
0.955427 1.000000 0.223762 0.052695 0.062974 0.170555 0.088946 0.048639 -4.062468 
-1.000000 -1.000000 -1.000000 1.000000 
0.972134 1.000000 0.216392 0.051382 0.061861 0.168752 0.090182 0.049837 -4.119323 
-1.000000 -1.000000 -1.000000 1.000000 
0.951774 1.000000 0.208176 0.050090 0.060914 0.167593 0.090976 0.050958 -4.174596 
-1.000000 -1.000000 -1.000000 1.000000 
0.931333 1.000000 0.199265 0.048863 0.060140 0.167010 0.091335 0.051994 -4.228208 
-1.000000 -1.000000 -1.000000 1.000000 
0.910815 1.000000 0.189799 0.047719 0.059538 0.166955 0.091320 0.052936 -4.280091 
-1.000000 -1.000000 -1.000000 1.000000 
0.890229 1.000000 0.179907 0.046682 0.059125 0.167327 0.090955 0.053780 -4.330184 
-1.000000 -1.000000 -1.000000 1.000000 
0.869585 1.000000 0.169710 0.045764 0.058897 0.168127 0.090279 0.054526 -4.378427 
-1.000000 -1.000000 -1.000000 1.000000 
0.848897 1.000000 0.159317 0.044978 0.058855 0.169349 0.089334 0.055175 -4.424770 
-1.000000 -1.000000 -1.000000 1.000000 
0.828176 1.000000 0.148830 0.044324 0.059010 0.170863 0.088175 0.055730 -4.469180 
-1.000000 -1.000000 -1.000000 1.000000 
0.807435 1.000000 0.138340 0.043812 0.059353 0.172752 0.086835 0.056194 -4.511623 
-1.000000 -1.000000 -1.000000 1.000000 
0.786687 1.000000 0.127931 0.043433 0.059878 0.174897 0.085334 0.056572 -4.552076 
-1.000000 -1.000000 -1.000000 1.000000 
0.765943 1.000000 0.117677 0.043190 0.060600 0.177377 0.083720 0.056871 -4.590524 
-1.000000 -1.000000 -1.000000 1.000000 
0.745214 1.000000 0.107645 0.043081 0.061505 0.180057 0.082018 0.057095 -4.626960 
-1.000000 -1.000000 -1.000000 1.000000 
0.724510 1.000000 0.097894 0.043101 0.062574 0.183027 0.080244 0.057247 -4.661390 
-1.000000 -1.000000 -1.000000 1.000000 
0.703839 1.000000 0.088475 0.043236 0.063825 0.186230 0.078429 0.057330 -4.693820 
-1.000000 -1.000000 -1.000000 1.000000 
0.683209 1.000000 0.079434 0.043487 0.065252 0.189637 0.076587 0.057361 -4.724270 
-1.000000 -1.000000 -1.000000 1.000000 
0.662628 1.000000 0.070807 0.043849 0.066815 0.193284 0.074718 0.057331 -4.752764 
-1.000000 -1.000000 -1.000000 1.000000 
0.642100 1.000000 0.062626 0.044314 0.068534 0.197138 0.072867 0.057251 -4.779334 
-1.000000 -1.000000 -1.000000 1.000000 
0.621631 1.000000 0.054917 0.044877 0.070407 0.201154 0.071011 0.057129 -4.804019 
1.000000 -1.000000 -1.000000 -1.000000 
0.601225 1.000000 0.047701 0.045530 0.072424 0.205369 0.069164 0.056961 -4.826865 
1.000000 -1.000000 -1.000000 -1.000000 
0.617884 1.000000 0.041561 0.046297 0.074330 0.208774 0.067497 0.056644 -4.848978 
1.000000 -1.000000 -1.000000 -1.000000 
0.634642 1.000000 0.036331 0.047160 0.076140 0.211341 0.065926 0.056161 -4.870368 
1.000000 -1.000000 -1.000000 -1.000000 
0.651489 1.000000 0.031871 0.048099 0.077827 0.213197 0.064472 0.055521 -4.891068 
1.000000 -1.000000 -1.000000 -1.000000 
0.668410 1.000000 0.028062 0.049100 0.079371 0.214354 0.063084 0.054737 -4.911109 
1.000000 -1.000000 -1.000000 -1.000000 
0.685394 1.000000 0.024804 0.050146 0.080753 0.214831 0.061764 0.053815 -4.930528 
1.000000 -1.000000 -1.000000 -1.000000 
0.702428 1.000000 0.022013 0.051220 0.081936 0.214704 0.060517 0.052770 -4.949367 
1.000000 -1.000000 -1.000000 -1.000000 
0.719500 1.000000 0.019616 0.052308 0.082939 0.214012 0.059350 0.051618 -4.967666 
1.000000 -1.000000 -1.000000 -1.000000 
0.736602 1.000000 0.017555 0.053393 0.083756 0.212762 0.058274 0.050382 -4.985469 
1.000000 -1.000000 -1.000000 -1.000000 
0.753724 1.000000 0.015779 0.054460 0.084384 0.211021 0.057303 0.049090 -5.002814 
1.000000 -1.000000 -1.000000 -1.000000 
0.770861 1.000000 0.014246 0.055493 0.084820 0.208839 0.056450 0.047758 -5.019741 
1.000000 -1.000000 -1.000000 -1.000000 
0.788006 1.000000 0.012919 0.056482 0.085065 0.206213 0.055735 0.046409 -5.036286 
1.000000 -1.000000 -1.000000 -1.000000 
0.805154 1.000000 0.011768 0.057417 0.085119 0.203191 0.055177 0.045089 -5.052485 
1.000000 -1.000000 -1.000000 -1.000000 
0.822301 1.000000 0.010768 0.058284 0.084984 0.199798 0.054846 0.043802 -5.068370 
1.000000 -1.000000 -1.000000 -1.000000 
0.839443 1.000000 0.009897 0.059073 0.084662 0.196067 0.054728 0.042601 -5.083978 
1.000000 -1.000000 -1.000000 -1.000000 
0.856577 1.000000 0.009137 0.059772 0.084157 0.191989 0.054926 0.041490 -5.099338 
1.000000 -1.000000 -1.000000 -1.000000 
0.873700 1.000000 0.008472 0.060373 0.083470 0.187635 0.055458 0.040522 -5.114476 
1.000000 -1.000000 -1.000000 -1.000000 
0.890810 1.000000 0.007889 0.060864 0.082604 0.182992 0.056402 0.039707 -5.129426 
1.000000 -1.000000 -1.000000 1.000000 
0.907905 1.000000 0.007377 0.061238 0.081562 0.178063 0.057859 0.039065 -5.144209 
-1.000000 -1.000000 -1.000000 1.000000 
0.924949 1.000000 0.006620 0.061477 0.080524 0.173637 0.059619 0.038657 -5.159023 
-1.000000 -1.000000 -1.000000 1.000000 
0.904982 1.000000 0.005679 0.061567 0.079530 0.169855 0.061567 0.038486 -5.173222 
-1.000000 -1.000000 -1.000000 1.000000 
0.884974 1.000000 0.004630 0.061503 0.078577 0.166642 0.063639 0.038493 -5.186679 
-1.000000 -1.000000 -1.000000 1.000000 
0.864914 1.000000 0.003546 0.061325 0.077666 0.163915 0.065759 0.038661 -5.199276 
-1.000000 -1.000000 -1.000000 1.000000 
0.844799 1.000000 0.002503 0.061050 0.076801 0.161660 0.067858 0.038938 -5.210896 
-1.000000 -1.000000 -1.000000 1.000000 
0.824629 1.000000 0.001567 0.060700 0.075990 0.159827 0.069876 0.039315 -5.221440 
-1.000000 -1.000000 -1.000000 1.000000 
0.804410 1.000000 0.000804 0.060291 0.075240 0.158350 0.071704 0.039746 -5.230836 
-1.000000 -1.000000 -1.000000 1.000000 
0.784150 1.000000 0.000269 0.059840 0.074555 0.157225 0.073297 0.040212 -5.239028 
-1.000000 -1.000000 -1.000000 1.000000 
0.763856 1.000000 0.000015 0.059352 0.073941 0.156432 0.074610 0.040714 -5.245975 
-1.000000 -1.000000 -1.000000 1.000000 
0.743541 1.000000 0.000085 0.058845 0.073401 0.155952 0.075628 0.041218 -5.251653 
-1.000000 -1.000000 -1.000000 1.000000 
0.723212 1.000000 0.000516 0.058339 0.072946 0.155765 0.076308 0.041715 -5.256063 
-1.000000 -1.000000 -1.000000 1.000000 
0.702882 1.000000 0.001340 0.057845 0.072580 0.155856 0.076663 0.042196 -5.259204 
-1.000000 -1.000000 -1.000000 1.000000 
0.682558 1.000000 0.002580 0.057371 0.072305 0.156210 0.076713 0.042652 -5.261103 
-1.000000 -1.000000 -1.000000 1.000000 
0.662250 1.000000 0.004255 0.056926 0.072127 0.156814 0.076476 0.043077 -5.261789 
-1.000000 -1.000000 -1.000000 1.000000 
0.641966 1.000000 0.006376 0.056518 0.072046 0.157657 0.075971 0.043469 -5.261302 
-1.000000 -1.000000 -1.000000 1.000000 
0.621713 1.000000 0.008950 0.056151 0.072065 0.158698 0.075300 0.043835 -5.259696 
1.000000 -1.000000 -1.000000 1.000000 
0.601498 1.000000 0.011979 0.055831 0.072184 0.159952 0.074417 0.044159 -5.257026 
1.000000 -1.000000 -1.000000 1.000000 
0.618243 1.000000 0.015462 0.055555 0.072336 0.161155 0.073587 0.044443 -5.252963 
1.000000 -1.000000 -1.000000 1.000000 
0.634955 1.000000 0.019405 0.055321 0.072525 0.162305 0.072787 0.044690 -5.247467 
1.000000 -1.000000 -1.000000 1.000000 
0.651620 1.000000 0.023818 0.055128 0.072746 0.163402 0.071989 0.044914 -5.240489 
1.000000 -1.000000 -1.000000 1.000000 
0.668230 1.000000 0.028710 0.054975 0.072997 0.164443 0.071246 0.045106 -5.231977 
1.000000 -1.000000 -1.000000 1.000000 
0.684780 1.000000 0.034093 0.054863 0.073280 0.165385 0.070502 0.045261 -5.221860 
1.000000 -1.000000 -1.000000 1.000000 
0.701268 1.000000 0.039977 0.054792 0.073594 0.166278 0.069759 0.045381 -5.210083 
1.000000 -1.000000 -1.000000 -1.000000 
0.717690 1.000000 0.046373 0.054763 0.073939 0.167125 0.069016 0.045465 -5.196579 
1.000000 -1.000000 -1.000000 -1.000000 
0.734149 1.000000 0.052578 0.054779 0.074159 0.167322 0.068614 0.045485 -5.181155 
1.000000 -1.000000 -1.000000 -1.000000 
0.750685 1.000000 0.058537 0.054831 0.074250 0.166902 0.068514 0.045449 -5.163829 
1.000000 -1.000000 -1.000000 -1.000000 
0.767307 1.000000 0.064214 0.054904 0.074204 0.165903 0.068731 0.045368 -5.144666 
1.000000 -1.000000 -1.000000 -1.000000 
0.784010 1.000000 0.069586 0.054984 0.074014 0.164369 0.069271 0.045259 -5.123740 
1.000000 -1.000000 -1.000000 -1.000000 
0.800781 1.000000 0.074643 0.055058 0.073675 0.162345 0.070210 0.045137 -5.101124 
1.000000 -1.000000 -1.000000 -1.000000 
0.817609 1.000000 0.079381 0.055100 0.073180 0.159878 0.071625 0.045036 -5.076883 
1.000000 -1.000000 -1.000000 -1.000000 
0.834483 1.000000 0.083804 0.055106 0.072527 0.156938 0.073702 0.044971 -5.051095 
1.000000 -1.000000 -1.000000 -1.000000 
0.851392 1.000000 0.087918 0.055064 0.071710 0.153617 0.076714 0.044952 -5.023825 
1.000000 -1.000000 -1.000000 1.000000 
0.868326 1.000000 0.091736 0.054959 0.070728 0.149904 0.081082 0.045031 -4.995128 
1.000000 -1.000000 -1.000000 1.000000 
0.885211 1.000000 0.096336 0.054761 0.069721 0.146432 0.086885 0.045219 -4.965202 
1.000000 -1.000000 -1.000000 1.000000 
0.902007 1.000000 0.101711 0.054462 0.068670 0.143140 0.095583 0.045544 -4.933993 
1.000000 -1.000000 -1.000000 1.000000 
0.918690 1.000000 0.107861 0.054063 0.067564 0.139971 0.396119 0.045981 -4.901399 
-1.000000 -1.000000 -1.000000 1.000000 
0.935242 1.000000 0.114786 0.053557 0.066397 0.136938 0.399158 0.046553 -4.867310 
-1.000000 -1.000000 -1.000000 1.000000 
0.914729 1.000000 0.122492 0.052944 0.065228 0.134260 0.403489 0.047204 -4.833055 
-1.000000 -1.000000 -1.000000 1.000000 
0.894143 1.000000 0.130947 0.052269 0.064076 0.131873 0.408685 0.047936 -4.798583 
-1.000000 -1.000000 -1.000000 1.000000 
0.873496 1.000000 0.140120 0.051546 0.062953 0.129798 0.414315 0.048712 -4.763867 
-1.000000 -1.000000 -1.000000 1.000000 
0.852802 1.000000 0.149980 0.050789 0.061869 0.128024 0.420009 0.049509 -4.728890 
-1.000000 -1.000000 -1.000000 1.000000 
0.832074 1.000000 0.160494 0.049998 0.060829 0.126539 0.425448 0.050338 -4.693667 
-1.000000 -1.000000 -1.000000 1.000000 
0.811324 1.000000 0.171624 0.049184 0.059841 0.125336 0.430510 0.051163 -4.658224 
-1.000000 -1.000000 -1.000000 1.000000 
0.790566 1.000000 0.183334 0.048371 0.058910 0.124412 0.435130 0.051975 -4.622592 
-1.000000 -1.000000 -1.000000 1.000000 
0.769811 1.000000 0.195584 0.047568 0.058044 0.123768 0.439305 0.052765 -4.586821 
-1.000000 -1.000000 -1.000000 1.000000 
0.749069 1.000000 0.208334 0.046784 0.057246 0.123405 0.443073 0.053529 -4.550969 
1.000000 -1.000000 -1.000000 1.000000 
0.728352 1.000000 0.221541 0.046024 0.056521 0.123328 0.446479 0.054258 -4.515106 
1.000000 -1.000000 -1.000000 1.000000 
0.744582 1.000000 0.235163 0.045276 0.055798 0.123290 0.449438 0.054981 -4.477331 
1.000000 -1.000000 -1.000000 -1.000000 
0.760764 1.000000 0.249200 0.044536 0.055072 0.123301 0.452091 0.055699 -4.437660 
1.000000 -1.000000 -1.000000 -1.000000 
0.777007 1.000000 0.262196 0.043823 0.054251 0.122804 0.453829 0.056417 -4.396012 
1.000000 -1.000000 -1.000000 -1.000000 
0.793351 1.000000 0.274193 0.043126 0.053335 0.121815 0.454837 0.057143 -4.352452 
1.000000 -1.000000 -1.000000 -1.000000 
0.809800 1.000000 0.285243 0.042420 0.052322 0.120350 0.455215 0.057909 -4.307046 
1.000000 -1.000000 -1.000000 -1.000000 
0.826347 1.000000 0.295401 0.041694 0.051207 0.118427 0.273245 0.058715 -4.259881 
1.000000 -1.000000 -1.000000 -1.000000 
0.842979 1.000000 0.304725 0.040939 0.049986 0.116068 0.255310 0.059578 -4.211020 
1.000000 -1.000000 -1.000000 -1.000000 
0.859680 1.000000 0.313271 0.040140 0.048656 0.113246 0.247630 0.060544 -4.160528 
1.000000 -1.000000 -1.000000 -1.000000 
0.876437 1.000000 0.321095 0.039283 0.047213 0.110028 0.244962 0.061609 -4.108466 
1.000000 -1.000000 -1.000000 -1.000000 
0.893239 1.000000 0.328252 0.038355 0.045655 0.106408 0.245299 0.062812 -4.054881 
1.000000 -1.000000 -1.000000 -1.000000 
0.910074 1.000000 0.334794 0.037343 0.043979 0.102409 0.247681 0.064153 -3.999820 
1.000000 -1.000000 -1.000000 1.000000 
0.926933 1.000000 0.340768 0.036236 0.042183 0.098041 0.251719 0.065681 -3.943323 
1.000000 -1.000000 -1.000000 1.000000 
0.943737 1.000000 0.348025 0.034978 0.040328 0.093930 0.251807 0.067328 -3.885492 
1.000000 -1.000000 -1.000000 1.000000 
0.960443 1.000000 0.356490 0.033550 0.038404 0.089975 0.248846 0.069094 -3.826300 
1.000000 -1.000000 -1.000000 1.000000 
0.977023 1.000000 0.366095 0.031988 0.036411 0.086177 0.243751 0.070951 -3.765712 
1.000000 -1.000000 -1.000000 1.000000 
0.993459 1.000000 0.376779 0.030306 0.034355 0.082488 0.237387 0.072874 -3.703690 
1.000000 -1.000000 -1.000000 1.000000 
1.009737 1.000000 0.388482 0.028502 0.032244 0.078882 0.230323 0.074840 -3.640194 
1.000000 -1.000000 -1.000000 1.000000 
0.988923 1.000000 0.401150 0.026651 0.030174 0.075626 0.222557 0.076740 -3.577560 
1.000000 -1.000000 -1.000000 1.000000 
1.004936 1.000000 0.414677 0.024748 0.028075 0.072455 0.214897 0.078623 -3.513412 
-1.000000 -1.000000 -1.000000 1.000000 
0.983867 1.000000 0.429016 0.022852 0.026042 0.069605 0.207124 0.080392 -3.450151 
-1.000000 -1.000000 -1.000000 1.000000 
0.962717 1.000000 0.444067 0.020984 0.024089 0.067125 0.199447 0.082039 -3.387805 
-1.000000 -1.000000 -1.000000 1.000000 
0.941505 1.000000 0.459732 0.019188 0.022230 0.065052 0.191990 0.083552 -3.326413 
-1.000000 -1.000000 -1.000000 1.000000 
0.920250 1.000000 0.475922 0.017483 0.020475 0.063440 0.184825 0.084931 -3.266024 
-1.000000 -1.000000 -1.000000 1.000000 
0.898968 1.000000 0.492546 0.015871 0.018835 0.062377 0.177984 0.086178 -3.206700 
-1.000000 -1.000000 -1.000000 1.000000 
0.877675 1.000000 0.509520 0.014372 0.017319 0.061999 0.171485 0.087294 -3.148494 
-1.000000 -1.000000 -1.000000 1.000000 
0.856385 1.000000 0.526764 0.013002 0.015936 0.062532 0.165328 0.088285 -3.091478 
-1.000000 -1.000000 -1.000000 1.000000 
0.835111 1.000000 0.544199 0.011770 0.014695 0.064320 0.159502 0.089170 -3.035712 
-1.000000 -1.000000 -1.000000 1.000000 
0.813865 1.000000 0.561753 0.010679 0.013604 0.068050 0.153998 0.089949 -2.981261 
-1.000000 -1.000000 -1.000000 1.000000 
0.792658 1.000000 0.579356 0.009732 0.012671 0.075112 0.148795 0.090635 -2.928187 
-1.000000 -1.000000 -1.000000 1.000000 
0.771499 1.000000 0.596943 0.008931 0.011904 0.089336 0.143881 0.091239 -2.876553 
-1.000000 -1.000000 -1.000000 1.000000 
0.750395 1.000000 0.614452 0.008277 0.011313 0.128845 0.139234 0.091770 -2.826408 
-1.000000 -1.000000 -1.000000 1.000000 
0.729354 1.000000 0.631827 0.007767 0.010907 0.187368 0.134838 0.092231 -2.777806 
-1.000000 -1.000000 -1.000000 -1.000000 
0.708381 1.000000 0.649016 0.007402 0.010698 0.213195 0.130678 0.092643 -2.730795 
-1.000000 -1.000000 -1.000000 -1.000000 
0.687600 1.000000 0.664476 0.007194 0.010683 0.227383 0.127083 0.092970 -2.685452 
-1.000000 -1.000000 -1.000000 -1.000000 
0.667042 1.000000 0.678379 0.007128 0.010863 0.236553 0.123918 0.093206 -2.641794 
-1.000000 -1.000000 -1.000000 -1.000000 
0.646701 1.000000 0.690883 0.007191 0.011230 0.242886 0.121091 0.093358 -2.599823 
1.000000 -1.000000 -1.000000 -1.000000 
0.626553 1.000000 0.702130 0.007366 0.011777 0.247365 0.118533 0.093418 -2.559515 
1.000000 -1.000000 -1.000000 -1.000000 
0.643498 1.000000 0.712250 0.007669 0.012536 0.250332 0.116155 0.093370 -2.518532 
1.000000 -1.000000 -1.000000 -1.000000 
0.660524 1.000000 0.721358 0.008092 0.013510 0.252058 0.113912 0.093205 -2.476877 
1.000000 -1.000000 -1.000000 -1.000000 
0.677605 1.000000 0.729560 0.008631 0.014707 0.252865 0.111768 0.092932 -2.434549 
1.000000 -1.000000 -1.000000 -1.000000 
0.694727 1.000000 0.736949 0.009282 0.016134 0.252864 0.109692 0.092545 -2.391544 
1.000000 -1.000000 -1.000000 -1.000000 
0.711877 1.000000 0.743609 0.010043 0.017803 0.252173 0.107659 0.092047 -2.347858 
1.000000 -1.000000 -1.000000 -1.000000 
0.729047 1.000000 0.749614 0.010914 0.019727 0.250903 0.105651 0.091441 -2.303491 
1.000000 -1.000000 -1.000000 -1.000000 
0.746229 1.000000 0.755032 0.011894 0.021919 0.249109 0.103650 0.090729 -2.258425 
1.000000 -1.000000 -1.000000 -1.000000 
0.763418 1.000000 0.759923 0.012982 0.024395 0.246842 0.101646 0.089910 -2.212666 
1.000000 -1.000000 -1.000000 -1.000000 
0.780609 1.000000 0.764339 0.014181 0.027165 0.244162 0.099628 0.088985 -2.166199 
1.000000 -1.000000 -1.000000 -1.000000 
0.797797 1.000000 0.768329 0.015490 0.030238 0.241111 0.097589 0.087955 -2.119015 
1.000000 -1.000000 -1.000000 -1.000000 
0.814980 1.000000 0.771936 0.016908 0.033618 0.237681 0.095524 0.086821 -2.071106 
1.000000 -1.000000 -1.000000 -1.000000 
0.832153 1.000000 0.775197 0.018435 0.037285 0.233940 0.093430 0.085582 -2.022462 
1.000000 -1.000000 -1.000000 -1.000000 
0.849316 1.000000 0.778147 0.020070 0.041205 0.229878 0.091303 0.084238 -1.973074 
1.000000 -1.000000 -1.000000 -1.000000 
0.866464 1.000000 0.780817 0.021812 0.045315 0.225545 0.089147 0.082789 -1.922929 
1.000000 -1.000000 -1.000000 -1.000000 
0.883597 1.000000 0.783234 0.023655 0.049523 0.220922 0.086962 0.081232 -1.872023 
1.000000 -1.000000 -1.000000 -1.000000 
0.900714 1.000000 0.785423 0.025594 0.053715 0.216054 0.084754 0.079568 -1.820342 
1.000000 -1.000000 -1.000000 -1.000000 
0.917812 1.000000 0.787406 0.027620 0.057760 0.210953 0.082530 0.077798 -1.767884 
1.000000 -1.000000 -1.000000 -1.000000 
0.934891 1.000000 0.789203 0.029721 0.061525 0.205611 0.080302 0.075923 -1.714632 
1.000000 -1.000000 -1.000000 -1.000000 
0.951950 1.000000 0.790831 0.031884 0.064901 0.200055 0.078082 0.073941 -1.660580 
1.000000 -1.000000 -1.000000 -1.000000 
0.968988 1.000000 0.792307 0.034090 0.067810 0.194296 0.075888 0.071857 -1.605727 
1.000000 -1.000000 -1.000000 -1.000000 
0.986004 1.000000 0.793646 0.036314 0.070208 0.188343 0.073758 0.069679 -1.550057 
1.000000 -1.000000 -1.000000 -1.000000 
1.002999 1.000000 0.794860 0.038539 0.072015 0.182204 0.071721 0.067411 -1.493567 
1.000000 -1.000000 -1.000000 -1.000000 
0.983036 1.000000 0.795962 0.040643 0.073288 0.176125 0.069925 0.065156 -1.438324 
1.000000 -1.000000 -1.000000 -1.000000 
1.000040 1.000000 0.796961 0.042701 0.074015 0.169875 0.068377 0.062840 -1.382241 
1.000000 -1.000000 -1.000000 1.000000 
0.980086 1.000000 0.797868 0.044584 0.074266 0.163705 0.067310 0.060570 -1.327374 
1.000000 -1.000000 -1.000000 1.000000 
0.997078 1.000000 0.800270 0.046393 0.074338 0.158032 0.066819 0.058387 -1.271556 
1.000000 -1.000000 -1.000000 1.000000 
1.014002 1.000000 0.804030 0.048079 0.074167 0.152767 0.067861 0.056283 -1.214857 
-1.000000 -1.000000 -1.000000 1.000000 
0.993895 1.000000 0.809015 0.049566 0.073717 0.148078 0.072991 0.054341 -1.159429 
-1.000000 -1.000000 -1.000000 1.000000 
0.973724 1.000000 0.815052 0.050855 0.073065 0.143929 0.086850 0.052570 -1.105378 
-1.000000 -1.000000 -1.000000 1.000000 
0.953477 1.000000 0.821979 0.051904 0.072227 0.140280 0.113384 0.050961 -1.052805 
-1.000000 -1.000000 -1.000000 1.000000 
0.933150 1.000000 0.829641 0.052755 0.071224 0.137106 0.134100 0.049527 -1.001807 
-1.000000 -1.000000 -1.000000 1.000000 
0.912744 1.000000 0.837896 0.053363 0.070055 0.134408 0.143127 0.048294 -0.952467 
-1.000000 -1.000000 -1.000000 1.000000 
0.892265 1.000000 0.846609 0.053735 0.068755 0.132192 0.146149 0.047297 -0.904859 
-1.000000 -1.000000 -1.000000 1.000000 
0.871723 1.000000 0.855658 0.053902 0.067374 0.130479 0.146027 0.046584 -0.859052 
-1.000000 -1.000000 -1.000000 1.000000 
0.851129 1.000000 0.864928 0.053859 0.065940 0.129301 0.144177 0.046244 -0.815099 
-1.000000 -1.000000 -1.000000 1.000000 
0.830494 1.000000 0.874316 0.053575 0.064478 0.128711 0.141338 0.046367 -0.773040 
-1.000000 -1.000000 -1.000000 1.000000 
0.809832 1.000000 0.883727 0.053118 0.063016 0.128780 0.137952 0.046961 -0.732916 
-1.000000 -1.000000 -1.000000 1.000000 
0.789155 1.000000 0.893075 0.052507 0.061573 0.129603 0.134288 0.047900 -0.694749 
1.000000 -1.000000 -1.000000 1.000000 
0.768474 1.000000 0.902283 0.051761 0.060167 0.131321 0.130509 0.049024 -0.658555 
1.000000 -1.000000 -1.000000 -1.000000 
0.784717 1.000000 0.911282 0.050841 0.058736 0.133857 0.127030 0.050287 -0.622769 
1.000000 -1.000000 -1.000000 -1.000000 
0.801013 1.000000 0.919122 0.049814 0.057219 0.136386 0.124778 0.051670 -0.587599 
1.000000 -1.000000 -1.000000 -1.000000 
0.817399 1.000000 0.925960 0.048697 0.055634 0.138900 0.123364 0.053145 -0.553070 
1.000000 -1.000000 -1.000000 -1.000000 
0.833881 1.000000 0.931935 0.047493 0.053992 0.141373 0.122537 0.054688 -0.519165 
1.000000 -1.000000 -1.000000 -1.000000 
0.850450 1.000000 0.937164 0.046167 0.052302 0.143749 0.122138 0.056280 -0.485845 
1.000000 -1.000000 -1.000000 -1.000000 
0.867096 1.000000 0.941747 0.044761 0.050571 0.145958 0.122047 0.057916 -0.453068 
1.000000 -1.000000 -1.000000 -1.000000 
0.883804 1.000000 0.945773 0.043288 0.048808 0.147913 0.122190 0.059570 -0.420784 
1.000000 -1.000000 -1.000000 -1.000000 
0.900562 1.000000 0.949314 0.041728 0.047024 0.149516 0.122515 0.061239 -0.388946 
1.000000 -1.000000 -1.000000 -1.000000 
0.917358 1.000000 0.952435 0.040112 0.045230 0.150679 0.122979 0.062913 -0.357510 
1.000000 -1.000000 -1.000000 -1.000000 
0.934183 1.000000 0.955190 0.038453 0.043429 0.151314 0.123558 0.064579 -0.326417 
1.000000 -1.000000 -1.000000 -1.000000 
0.951029 1.000000 0.957627 0.036749 0.041630 0.151340 0.124231 0.066230 -0.295627 
1.000000 -1.000000 -1.000000 -1.000000 
0.967887 1.000000 0.959785 0.035032 0.039839 0.150737 0.124994 0.067861 -0.265096 
1.000000 -1.000000 -1.000000 -1.000000 
0.984753 1.000000 0.961701 0.033299 0.038065 0.149485 0.125843 0.069463 -0.234778 
1.000000 -1.000000 -1.000000 -1.000000 
1.001622 1.000000 0.963403 0.031578 0.036313 0.147589 0.126780 0.071029 -0.204640 
-1.000000 -1.000000 -1.000000 1.000000 
0.981555 1.000000 0.964918 0.029929 0.034655 0.145326 0.127739 0.072500 -0.175691 
-1.000000 -1.000000 -1.000000 1.000000 
0.961486 1.000000 0.966977 0.028325 0.033153 0.144894 0.128015 0.073833 -0.147697 
-1.000000 -1.000000 -1.000000 1.000000 
0.941383 1.000000 0.969470 0.026793 0.031815 0.146071 0.127696 0.075034 -0.120725 
-1.000000 -1.000000 -1.000000 1.000000 
0.921229 1.000000 0.972285 0.025362 0.030647 0.148644 0.126858 0.076105 -0.094880 
-1.000000 -1.000000 -1.000000 1.000000 
0.901012 1.000000 0.975319 0.024057 0.029661 0.152070 0.125576 0.077050 -0.070272 
-1.000000 -1.000000 -1.000000 1.000000 
0.880730 1.000000 0.978471 0.022897 0.028870 0.157193 0.123921 0.077876 -0.047002 
-1.000000 -1.000000 -1.000000 1.000000 
0.860386 1.000000 0.981647 0.021894 0.028288 0.162438 0.121970 0.078585 -0.025158 
-1.000000 -1.000000 -1.000000 1.000000 
0.839986 1.000000 0.984763 0.021058 0.027932 0.168018 0.119770 0.079187 -0.004818 
-1.000000 -1.000000 -1.000000 1.000000 
0.819541 1.000000 0.987740 0.020394 0.027811 0.173682 0.117394 0.079692 0.013972 
-1.000000 -1.000000 -1.000000 1.000000 
0.799060 1.000000 0.990510 0.019901 0.027939 0.179245 0.114884 0.080106 0.031168 
-1.000000 -1.000000 -1.000000 1.000000 
0.778555 1.000000 0.993011 0.019579 0.028332 0.184538 0.112277 0.080437 0.046748 
-1.000000 -1.000000 -1.000000 1.000000 
0.758036 1.000000 0.995191 0.019424 0.029005 0.189441 0.109613 0.080695 0.060706 
-1.000000 -1.000000 -1.000000 1.000000 
0.737516 1.000000 0.997005 0.019433 0.029971 0.193926 0.106932 0.080885 0.073048 
-1.000000 -1.000000 -1.000000 1.000000 
0.717004 1.000000 0.998416 0.019601 0.031248 0.198002 0.104245 0.081019 0.083792 
-1.000000 -1.000000 -1.000000 1.000000 
0.696509 1.000000 0.999393 0.019922 0.032853 0.201599 0.101573 0.081100 0.092969 
-1.000000 -1.000000 -1.000000 1.000000 
0.676040 1.000000 0.999914 0.020389 0.034803 0.204737 0.098931 0.081138 0.100613 
-1.000000 -1.000000 -1.000000 1.000000 
0.655606 1.000000 0.999961 0.020997 0.037105 0.207473 0.096331 0.081138 0.106779 
-1.000000 -1.000000 -1.000000 1.000000 
0.635212 1.000000 0.999523 0.021739 0.039785 0.209837 0.093784 0.081108 0.111518 
1.000000 -1.000000 -1.000000 1.000000 
0.614865 1.000000 0.998595 0.022610 0.042855 0.211792 0.091295 0.081053 0.114897 
1.000000 -1.000000 -1.000000 -1.000000 
0.631486 1.000000 0.997175 0.023669 0.046400 0.213234 0.088811 0.080913 0.116937 
1.000000 -1.000000 -1.000000 -1.000000 
0.648165 1.000000 0.995459 0.024911 0.050245 0.213677 0.086462 0.080585 0.117468 
1.000000 -1.000000 -1.000000 -1.000000 
0.664922 1.000000 0.993550 0.026325 0.054260 0.213268 0.084194 0.080058 0.116511 
1.000000 -1.000000 -1.000000 -1.000000 
0.681756 1.000000 0.991526 0.027898 0.058413 0.212141 0.081968 0.079321 0.114119 
1.000000 -1.000000 -1.000000 -1.000000 
0.698658 1.000000 0.989450 0.029617 0.062434 0.210416 0.079773 0.078372 0.110341 
1.000000 -1.000000 -1.000000 -1.000000 
0.715617 1.000000 0.987367 0.031462 0.066497 0.208192 0.077581 0.077208 0.105239 
1.000000 -1.000000 -1.000000 -1.000000 
0.732624 1.000000 0.985313 0.033419 0.070561 0.205553 0.075398 0.075833 0.098873 
1.000000 -1.000000 -1.000000 -1.000000 
0.749666 1.000000 0.983315 0.035466 0.074171 0.202451 0.073203 0.074251 0.091302 
1.000000 -1.000000 -1.000000 -1.000000 
0.766736 1.000000 0.981389 0.037586 0.077449 0.199040 0.071003 0.072470 0.082579 
1.000000 -1.000000 -1.000000 -1.000000 
0.783825 1.000000 0.979549 0.039758 0.080385 0.195270 0.068853 0.070501 0.072757 
1.000000 -1.000000 -1.000000 -1.000000 
0.800927 1.000000 0.977802 0.041963 0.082875 0.191252 0.066664 0.068357 0.061885 
1.000000 -1.000000 -1.000000 -1.000000 
0.818036 1.000000 0.976154 0.044181 0.084983 0.186901 0.064422 0.066054 0.050006 
1.000000 -1.000000 -1.000000 1.000000 
0.835147 1.000000 0.974606 0.046287 0.086689 0.182333 0.062231 0.063611 0.037164 
1.000000 -1.000000 -1.000000 1.000000 
0.852207 1.000000 0.972584 0.048542 0.088246 0.177889 0.060028 0.061186 0.023558 
-1.000000 -1.000000 -1.000000 1.000000 
0.869187 1.000000 0.970074 0.050855 0.089644 0.173491 0.057797 0.058768 0.009111 
-1.000000 -1.000000 -1.000000 1.000000 
0.849135 1.000000 0.967057 0.052982 0.090868 0.169423 0.055633 0.056475 -0.005593 
-1.000000 -1.000000 -1.000000 1.000000 
0.829033 1.000000 0.963526 0.055025 0.091908 0.165592 0.053549 0.054287 -0.020648 
-1.000000 -1.000000 -1.000000 1.000000 
0.808882 1.000000 0.959478 0.056971 0.092704 0.162015 0.051542 0.052190 -0.036129 
-1.000000 -1.000000 -1.000000 1.000000 
0.788687 1.000000 0.954907 0.058811 0.093291 0.158688 0.049616 0.050181 -0.052092 
-1.000000 -1.000000 -1.000000 1.000000 
0.768456 1.000000 0.949812 0.060562 0.093690 0.155536 0.047777 0.048263 -0.068574 
-1.000000 -1.000000 -1.000000 1.000000 
0.748196 1.000000 0.944193 0.062219 0.093904 0.152615 0.046031 0.046431 -0.085602 
-1.000000 -1.000000 -1.000000 1.000000 
0.727918 1.000000 0.938054 0.063776 0.093940 0.149912 0.044415 0.044560 -0.103174 
-1.000000 -1.000000 -1.000000 1.000000 
0.707631 1.000000 0.931402 0.065229 0.093809 0.147396 0.042918 0.042761 -0.121279 
-1.000000 -1.000000 -1.000000 1.000000 
0.687345 1.000000 0.924249 0.066571 0.093524 0.145084 0.041592 0.041062 -0.139897 
-1.000000 -1.000000 -1.000000 1.000000 
0.667069 1.000000 0.916608 0.067794 0.093102 0.142986 0.040467 0.039420 -0.158995 
-1.000000 -1.000000 -1.000000 1.000000 
0.646812 1.000000 0.908497 0.068882 0.092563 0.141104 0.039654 0.037851 -0.178524 
-1.000000 -1.000000 -1.000000 1.000000 
0.626580 1.000000 0.899935 0.069846 0.091923 0.139437 0.039479 0.036349 -0.198435 
-1.000000 -1.000000 -1.000000 1.000000 
0.606382 1.000000 0.890946 0.070686 0.091203 0.137978 0.040995 0.034916 -0.218667 
1.000000 -1.000000 -1.000000 1.000000 
0.586222 1.000000 0.881554 0.071404 0.090423 0.136750 0.047190 0.033558 -0.239158 
1.000000 -1.000000 -1.000000 1.000000 
0.603025 1.000000 0.871786 0.072021 0.089483 0.135509 0.412055 0.032167 -0.261316 
1.000000 -1.000000 -1.000000 1.000000 
0.619795 1.000000 0.861634 0.072517 0.088351 0.134261 0.418558 0.030776 -0.285165 
1.000000 -1.000000 -1.000000 1.000000 
0.636519 1.000000 0.851089 0.072869 0.087069 0.133021 0.425398 0.029453 -0.310710 
1.000000 -1.000000 -1.000000 -1.000000 
0.653191 1.000000 0.840144 0.073056 0.085642 0.131803 0.432671 0.028280 -0.337981 
1.000000 -1.000000 -1.000000 -1.000000 
0.669892 1.000000 0.829924 0.073073 0.084008 0.130271 0.438985 0.027356 -0.367106 
1.000000 -1.000000 -1.000000 -1.000000 
0.686654 1.000000 0.820415 0.072913 0.082190 0.128433 0.444309 0.027002 -0.398047 
1.000000 -1.000000 -1.000000 1.000000 
0.703484 1.000000 0.811596 0.072561 0.080205 0.126290 0.448615 0.027652 -0.430751 
-1.000000 -1.000000 -1.000000 1.000000 
0.720299 1.000000 0.802186 0.071995 0.078124 0.124235 0.453526 0.029114 -0.465062 
-1.000000 -1.000000 -1.000000 1.000000 
0.700136 1.000000 0.792185 0.071218 0.076079 0.122518 0.227901 0.030980 -0.499112 
-1.000000 -1.000000 -1.000000 1.000000 
0.679974 1.000000 0.781639 0.070251 0.074083 0.121157 0.210489 0.033008 -0.532875 
-1.000000 -1.000000 -1.000000 1.000000 
0.659818 1.000000 0.770596 0.069120 0.072129 0.120165 0.196541 0.035087 -0.566320 
-1.000000 -1.000000 -1.000000 1.000000 
0.639675 1.000000 0.759098 0.067851 0.070255 0.119566 0.184559 0.037123 -0.599415 
-1.000000 -1.000000 -1.000000 1.000000 
0.619550 1.000000 0.747191 0.066471 0.068475 0.119391 0.174034 0.039069 -0.632112 
-1.000000 -1.000000 -1.000000 1.000000 
0.599450 1.000000 0.734919 0.065009 0.066798 0.119683 0.164703 0.040899 -0.664369 
-1.000000 -1.000000 -1.000000 1.000000 
0.579383 1.000000 0.722324 0.063493 0.065235 0.120496 0.156367 0.042594 -0.696142 
-1.000000 -1.000000 -1.000000 1.000000 
0.559352 1.000000 0.709451 0.061950 0.063786 0.121902 0.148881 0.044143 -0.727372 
1.000000 -1.000000 -1.000000 1.000000 
0.539364 1.000000 0.696342 0.060404 0.062446 0.124000 0.142135 0.045569 -0.758012 
1.000000 -1.000000 -1.000000 1.000000 
0.556341 1.000000 0.683036 0.058813 0.061122 0.126682 0.136336 0.046968 -0.790212 
1.000000 -1.000000 -1.000000 1.000000 
0.573288 1.000000 0.669525 0.057179 0.059819 0.130130 0.131318 0.048342 -0.823958 
1.000000 -1.000000 -1.000000 1.000000 
0.590193 1.000000 0.655799 0.055511 0.058541 0.134654 0.126889 0.049703 -0.859246 
1.000000 -1.000000 -1.000000 1.000000 
0.607050 1.000000 0.641852 0.053820 0.057297 0.140729 0.122943 0.051026 -0.896065 
-1.000000 -1.000000 -1.000000 1.000000 
0.623853 1.000000 0.627678 0.052118 0.056092 0.149090 0.119373 0.052317 -0.934410 
-1.000000 -1.000000 -1.000000 1.000000 
0.603680 1.000000 0.613273 0.050485 0.055043 0.161038 0.115916 0.053481 -0.971929 
-1.000000 -1.000000 -1.000000 1.000000 
0.583531 1.000000 0.598686 0.048940 0.054158 0.177172 0.112581 0.054517 -1.008582 
-1.000000 -1.000000 -1.000000 1.000000 
0.563418 1.000000 0.583966 0.047498 0.053442 0.195461 0.109379 0.055444 -1.044328 
-1.000000 -1.000000 -1.000000 1.000000 
0.543352 1.000000 0.569156 0.046174 0.052902 0.212372 0.106305 0.056260 -1.079117 
1.000000 -1.000000 -1.000000 1.000000 
0.523338 1.000000 0.554299 0.044971 0.052540 0.226697 0.103363 0.056980 -1.112905 
1.000000 -1.000000 -1.000000 -1.000000 
0.540298 1.000000 0.539437 0.043847 0.052292 0.238536 0.100626 0.057669 -1.148079 
1.000000 -1.000000 -1.000000 -1.000000 
0.557300 1.000000 0.525895 0.042833 0.052094 0.247436 0.098372 0.058329 -1.184620 
1.000000 -1.000000 -1.000000 -1.000000 
0.574357 1.000000 0.513568 0.041919 0.051949 0.254209 0.096476 0.058961 -1.222486 
1.000000 -1.000000 -1.000000 -1.000000 
0.591467 1.000000 0.502354 0.041104 0.051861 0.259396 0.094851 0.059549 -1.261643 
1.000000 -1.000000 -1.000000 -1.000000 
0.608623 1.000000 0.492159 0.040380 0.051839 0.263309 0.093430 0.060096 -1.302058 
1.000000 -1.000000 -1.000000 -1.000000 
0.625817 1.000000 0.482894 0.039741 0.051885 0.266186 0.092149 0.060593 -1.343696 
1.000000 -1.000000 -1.000000 -1.000000 
0.643041 1.000000 0.474476 0.039185 0.052008 0.268207 0.090977 0.061039 -1.386541 
1.000000 -1.000000 -1.000000 -1.000000 
0.660287 1.000000 0.466830 0.038707 0.052215 0.269489 0.089881 0.061433 -1.430570 
1.000000 -1.000000 -1.000000 -1.000000 
0.677548 1.000000 0.459886 0.038305 0.052514 0.270094 0.088833 0.061772 -1.475771 
1.000000 -1.000000 -1.000000 -1.000000 
0.694819 1.000000 0.453580 0.037981 0.052917 0.270100 0.087812 0.062055 -1.522120 
1.000000 -1.000000 -1.000000 -1.000000 
0.712094 1.000000 0.447854 0.037732 0.053435 0.269558 0.086807 0.062278 -1.569618 
1.000000 -1.000000 -1.000000 -1.000000 
0.729368 1.000000 0.442655 0.037560 0.054082 0.268509 0.085791 0.062440 -1.618252 
1.000000 -1.000000 -1.000000 -1.000000 
0.746639 1.000000 0.437933 0.037467 0.054864 0.266990 0.084766 0.062541 -1.668009 
1.000000 -1.000000 -1.000000 -1.000000 
0.763902 1.000000 0.433646 0.037455 0.055787 0.265029 0.083720 0.062577 -1.718894 
1.000000 -1.000000 -1.000000 -1.000000 
0.781155 1.000000 0.429753 0.037526 0.056875 0.262660 0.082642 0.062544 -1.770890 
1.000000 -1.000000 -1.000000 -1.000000 
0.798396 1.000000 0.426218 0.037684 0.058120 0.259893 0.081526 0.062439 -1.824003 
1.000000 -1.000000 -1.000000 -1.000000 
0.815623 1.000000 0.423008 0.037933 0.059529 0.256766 0.080372 0.062260 -1.878222 
1.000000 -1.000000 -1.000000 -1.000000 
0.832834 1.000000 0.420092 0.038281 0.061091 0.253296 0.079177 0.062005 -1.933551 
1.000000 -1.000000 -1.000000 -1.000000 
0.850027 1.000000 0.417444 0.038726 0.062789 0.249497 0.077942 0.061669 -1.989983 
1.000000 -1.000000 -1.000000 -1.000000 
0.867202 1.000000 0.415039 0.039269 0.064590 0.245396 0.076668 0.061252 -2.047518 
1.000000 -1.000000 -1.000000 -1.000000 
0.884357 1.000000 0.412854 0.039915 0.066453 0.241005 0.075357 0.060747 -2.106159 
1.000000 -1.000000 -1.000000 -1.000000 
0.901492 1.000000 0.410869 0.040667 0.068313 0.236337 0.074016 0.060154 -2.165898 
1.000000 -1.000000 -1.000000 -1.000000 
0.918605 1.000000 0.409066 0.041515 0.070117 0.231415 0.072655 0.059470 -2.226741 
1.000000 -1.000000 -1.000000 -1.000000 
0.935697 1.000000 0.407429 0.042463 0.071785 0.226248 0.071291 0.058693 -2.288682 
1.000000 -1.000000 -1.000000 -1.000000 
0.952766 1.000000 0.405940 0.043495 0.073256 0.220842 0.069942 0.057822 -2.351722 
1.000000 -1.000000 -1.000000 -1.000000 
0.969813 1.000000 0.404588 0.044602 0.074495 0.215219 0.068633 0.056862 -2.415862 
1.000000 -1.000000 -1.000000 1.000000 
0.986836 1.000000 0.403360 0.045769 0.075416 0.209387 0.067410 0.055817 -2.481102 
1.000000 -1.000000 -1.000000 1.000000 
1.003815 1.000000 0.400302 0.046987 0.076335 0.204560 0.066144 0.054749 -2.547463 
1.000000 -1.000000 -1.000000 1.000000 
0.983791 1.000000 0.395564 0.048203 0.077150 0.200862 0.064915 0.053703 -2.612495 
1.000000 -1.000000 -1.000000 1.000000 
1.000658 1.000000 0.389337 0.049447 0.077846 0.197933 0.063749 0.052626 -2.678605 
1.000000 -1.000000 -1.000000 1.000000 
0.980471 1.000000 0.381747 0.050668 0.078422 0.195987 0.062721 0.051561 -2.743322 
1.000000 -1.000000 -1.000000 1.000000 
0.997135 1.000000 0.372965 0.051897 0.078812 0.194726 0.061880 0.050454 -2.809042 
1.000000 -1.000000 -1.000000 1.000000 
1.013646 1.000000 0.363097 0.053089 0.079058 0.194166 0.061335 0.049307 -2.875706 
1.000000 -1.000000 -1.000000 1.000000 
0.993065 1.000000 0.352246 0.054196 0.079153 0.194570 0.061082 0.048182 -2.940856 
1.000000 -1.000000 -1.000000 1.000000 
1.009308 1.000000 0.340561 0.055241 0.079100 0.195696 0.061196 0.047035 -3.006831 
1.000000 -1.000000 -1.000000 1.000000 
0.988460 1.000000 0.328130 0.056131 0.078984 0.197817 0.061508 0.045946 -3.071173 
1.000000 -1.000000 -1.000000 -1.000000 
1.004440 1.000000 0.315090 0.056911 0.078742 0.200655 0.062002 0.044877 -3.136191 
1.000000 -1.000000 -1.000000 -1.000000 
0.983500 1.000000 0.303360 0.057537 0.078297 0.202963 0.062840 0.043870 -3.199388 
1.000000 -1.000000 -1.000000 -1.000000 
0.999622 1.000000 0.292806 0.057988 0.077651 0.204471 0.064035 0.042938 -3.263062 
1.000000 -1.000000 -1.000000 -1.000000 
1.015839 1.000000 0.283308 0.058292 0.076801 0.205125 0.065517 0.042207 -3.327190 
1.000000 -1.000000 -1.000000 -1.000000 
0.995219 1.000000 0.274756 0.058413 0.075875 0.205259 0.067108 0.041776 -3.389493 
1.000000 -1.000000 -1.000000 -1.000000 
1.011665 1.000000 0.267052 0.058361 0.074808 0.204577 0.068874 0.041649 -3.452257 
1.000000 -1.000000 -1.000000 1.000000 
0.991248 1.000000 0.260110 0.058166 0.073707 0.203417 0.070662 0.041834 -3.513259 
1.000000 -1.000000 -1.000000 1.000000 
1.007770 1.000000 0.252123 0.057772 0.072671 0.202994 0.072129 0.042271 -3.574857 
1.000000 -1.000000 -1.000000 1.000000 
0.987260 1.000000 0.243208 0.057243 0.071793 0.203446 0.073144 0.042883 -3.634793 
1.000000 -1.000000 -1.000000 1.000000 
1.003607 1.000000 0.233519 0.056577 0.071015 0.204370 0.073825 0.043617 -3.695205 
1.000000 -1.000000 -1.000000 1.000000 
0.982881 1.000000 0.223160 0.055822 0.070428 0.205954 0.074092 0.044392 -3.753847 
1.000000 -1.000000 -1.000000 1.000000 
0.998991 1.000000 0.212272 0.055019 0.070005 0.207854 0.074068 0.045181 -3.812770 
1.000000 -1.000000 -1.000000 1.000000 
1.014945 1.000000 0.200944 0.054202 0.069763 0.209976 0.073770 0.045963 -3.871862 
1.000000 -1.000000 -1.000000 1.000000 
0.993813 1.000000 0.189264 0.053419 0.069790 0.212494 0.073154 0.046681 -3.928947 
1.000000 -1.000000 -1.000000 1.000000 
1.009516 1.000000 0.177357 0.052703 0.070069 0.215109 0.072321 0.047339 -3.985954 
1.000000 -1.000000 -1.000000 1.000000 
0.988150 1.000000 0.165300 0.052102 0.070662 0.218030 0.071243 0.047901 -4.040793 
1.000000 -1.000000 -1.000000 1.000000 
1.003633 1.000000 0.153206 0.051640 0.071555 0.220949 0.069991 0.048364 -4.095312 
1.000000 -1.000000 -1.000000 1.000000 
0.982065 1.000000 0.141142 0.051344 0.072795 0.224099 0.068560 0.048723 -4.147507 
1.000000 -1.000000 -1.000000 1.000000 
0.997362 1.000000 0.129209 0.051233 0.074378 0.227192 0.066991 0.048960 -4.199132 
1.000000 -1.000000 -1.000000 1.000000 
1.012537 1.000000 0.117465 0.051331 0.076314 0.230215 0.065292 0.049068 -4.250049 
1.000000 -1.000000 -1.000000 -1.000000 
0.990672 1.000000 0.105968 0.051634 0.078609 0.233408 0.063478 0.049059 -4.298429 
1.000000 -1.000000 -1.000000 -1.000000 
1.005894 1.000000 0.095972 0.052165 0.080934 0.235449 0.061737 0.048854 -4.345693 
1.000000 -1.000000 -1.000000 -1.000000 
0.984385 1.000000 0.087270 0.052871 0.083228 0.236690 0.060055 0.048486 -4.390256 
1.000000 -1.000000 -1.000000 -1.000000 
1.000062 1.000000 0.079685 0.053754 0.085441 0.236983 0.058389 0.047919 -4.433743 
1.000000 -1.000000 -1.000000 -1.000000 
1.015925 1.000000 0.073064 0.054792 0.087508 0.236447 0.056735 0.047165 -4.476215 
1.000000 -1.000000 -1.000000 -1.000000 
0.995019 1.000000 0.067276 0.055903 0.089346 0.235379 0.055130 0.046291 -4.516347 
1.000000 -1.000000 -1.000000 -1.000000 
1.011230 1.000000 0.062206 0.057107 0.090966 0.233591 0.053546 0.045260 -4.555640 
1.000000 -1.000000 -1.000000 -1.000000 
0.990623 1.000000 0.057759 0.058330 0.092335 0.231414 0.052039 0.044146 -4.592864 
1.000000 -1.000000 -1.000000 -1.000000 
1.007088 1.000000 0.053851 0.059587 0.093410 0.228655 0.050569 0.042923 -4.629425 
1.000000 -1.000000 -1.000000 -1.000000 
0.986692 1.000000 0.050411 0.060811 0.094234 0.225603 0.049199 0.041660 -4.664172 
1.000000 -1.000000 -1.000000 -1.000000 
1.003335 1.000000 0.047376 0.062029 0.094764 0.222029 0.047925 0.040339 -4.698421 
1.000000 -1.000000 -1.000000 -1.000000 
0.983085 1.000000 0.044696 0.063164 0.095036 0.218262 0.046777 0.039030 -4.731073 
1.000000 -1.000000 -1.000000 -1.000000 
0.999850 1.000000 0.042324 0.064263 0.095056 0.214084 0.045789 0.037715 -4.763379 
1.000000 -1.000000 -1.000000 -1.000000 
1.016633 1.000000 0.040221 0.065274 0.094794 0.209489 0.044970 0.036419 -4.795391 
1.000000 -1.000000 -1.000000 1.000000 
0.996493 1.000000 0.038354 0.066167 0.094302 0.204801 0.044389 0.035222 -4.826070 
1.000000 -1.000000 -1.000000 1.000000 
1.013282 1.000000 0.035947 0.066990 0.093828 0.200581 0.043947 0.034155 -4.856734 
1.000000 -1.000000 -1.000000 1.000000 
0.993038 1.000000 0.033099 0.067657 0.093393 0.197038 0.043648 0.033267 -4.886248 
1.000000 -1.000000 -1.000000 1.000000 
1.009656 1.000000 0.029927 0.068241 0.092900 0.193813 0.043504 0.032499 -4.915511 
1.000000 -1.000000 -1.000000 1.000000 
0.989200 1.000000 0.026526 0.068697 0.092416 0.191096 0.043501 0.031884 -4.943382 
1.000000 -1.000000 -1.000000 1.000000 
1.005579 1.000000 0.023010 0.069049 0.091904 0.188607 0.043670 0.031400 -4.970655 
1.000000 -1.000000 -1.000000 1.000000 
0.984871 1.000000 0.019467 0.069302 0.091384 0.186566 0.043970 0.031052 -4.996274 
1.000000 -1.000000 -1.000000 1.000000 
1.000991 1.000000 0.015998 0.069443 0.090826 0.184683 0.044417 0.030804 -5.020951 
1.000000 -1.000000 -1.000000 1.000000 
0.980029 1.000000 0.012684 0.069512 0.090315 0.183168 0.044937 0.030678 -5.043756 
1.000000 -1.000000 -1.000000 1.000000 
0.995902 1.000000 0.009613 0.069473 0.089737 0.181754 0.045570 0.030652 -5.065295 
1.000000 -1.000000 -1.000000 1.000000 
1.011622 1.000000 0.006853 0.069383 0.089156 0.180435 0.046310 0.030711 -5.085414 
1.000000 -1.000000 -1.000000 1.000000 
0.990268 1.000000 0.004474 0.069188 0.088600 0.179459 0.047077 0.030854 -5.103400 
1.000000 -1.000000 -1.000000 1.000000 
1.005758 1.000000 0.002544 0.068956 0.088043 0.178518 0.047897 0.031081 -5.119671 
1.000000 -1.000000 -1.000000 1.000000 
0.984195 1.000000 0.001120 0.068649 0.087545 0.177863 0.048651 0.031367 -5.133689 
1.000000 -1.000000 -1.000000 1.000000 
0.999494 1.000000 0.000258 0.068318 0.087045 0.177258 0.049414 0.031686 -5.145738 
1.000000 -1.000000 -1.000000 1.000000 
1.014670 1.000000 0.000003 0.067940 0.086553 0.176624 0.050209 0.032065 -5.155696 
1.000000 -1.000000 -1.000000 1.000000 
0.992805 1.000000 0.000401 0.067538 0.086132 0.176264 0.050872 0.032461 -5.163291 
1.000000 -1.000000 -1.000000 1.000000 
1.007813 1.000000 0.001488 0.067129 0.085739 0.175881 0.051502 0.032877 -5.168564 
1.000000 -1.000000 -1.000000 1.000000 
0.985804 1.000000 0.003298 0.066703 0.085427 0.175719 0.052011 0.033298 -5.171460 
1.000000 -1.000000 -1.000000 1.000000 
1.000686 1.000000 0.005857 0.066307 0.085152 0.175526 0.052441 0.033713 -5.171857 
1.000000 -1.000000 -1.000000 1.000000 
1.015475 1.000000 0.009190 0.065893 0.084893 0.175264 0.052867 0.034120 -5.169666 
1.000000 -1.000000 -1.000000 1.000000 
0.993253 1.000000 0.013320 0.065523 0.084734 0.175214 0.053113 0.034513 -5.165123 
1.000000 -1.000000 -1.000000 1.000000 
1.007931 1.000000 0.018256 0.065162 0.084606 0.175085 0.053342 0.034879 -5.157845 
1.000000 -1.000000 -1.000000 1.000000 
0.985619 1.000000 0.024015 0.064846 0.084570 0.175141 0.053397 0.035224 -5.148280 
1.000000 -1.000000 -1.000000 1.000000 
1.000224 1.000000 0.030593 0.064571 0.084577 0.175127 0.053441 0.035518 -5.135877 
1.000000 -1.000000 -1.000000 1.000000 
1.014758 1.000000 0.037999 0.064334 0.084587 0.175010 0.053419 0.035790 -5.120585 
1.000000 -1.000000 -1.000000 1.000000 
0.992303 1.000000 0.046243 0.064151 0.084714 0.175108 0.053309 0.036016 -5.103157 
1.000000 -1.000000 -1.000000 1.000000 
1.006768 1.000000 0.055307 0.063996 0.084816 0.175069 0.053152 0.036208 -5.082768 
1.000000 -1.000000 -1.000000 1.000000 
0.984264 1.000000 0.065194 0.063910 0.085027 0.175243 0.052903 0.036360 -5.060387 
1.000000 -1.000000 -1.000000 1.000000 
0.998693 1.000000 0.075878 0.063852 0.085229 0.175334 0.052639 0.036455 -5.035017 
1.000000 -1.000000 -1.000000 1.000000 
1.013068 1.000000 0.087357 0.063860 0.085436 0.175339 0.052359 0.036510 -5.006654 
1.000000 -1.000000 -1.000000 1.000000 
0.990471 1.000000 0.099628 0.063893 0.085708 0.175566 0.052026 0.036525 -4.976546 
1.000000 -1.000000 -1.000000 1.000000 
1.004805 1.000000 0.112653 0.063972 0.085944 0.175713 0.051674 0.036508 -4.943445 
1.000000 -1.000000 -1.000000 -1.000000 
0.982186 1.000000 0.126425 0.064091 0.086258 0.176075 0.051295 0.036453 -4.908803 
1.000000 -1.000000 -1.000000 -1.000000 
0.996755 1.000000 0.139530 0.064230 0.086311 0.175744 0.051132 0.036318 -4.871072 
1.000000 -1.000000 -1.000000 -1.000000 
1.011612 1.000000 0.151911 0.064407 0.086159 0.174697 0.051261 0.036106 -4.830402 
1.000000 -1.000000 -1.000000 -1.000000 
0.989839 1.000000 0.163538 0.064538 0.085807 0.173292 0.051627 0.035905 -4.788629 
1.000000 -1.000000 -1.000000 -1.000000 
1.005313 1.000000 0.174405 0.064662 0.085257 0.171304 0.052347 0.035684 -4.744283 
1.000000 -1.000000 -1.000000 -1.000000 
0.984095 1.000000 0.184522 0.064726 0.084523 0.169008 0.053417 0.035514 -4.699303 
1.000000 -1.000000 -1.000000 1.000000 
1.000051 1.000000 0.193909 0.064720 0.083567 0.166186 0.055025 0.035410 -4.652091 
1.000000 -1.000000 -1.000000 1.000000 
1.016013 1.000000 0.204205 0.064645 0.082581 0.163559 0.056957 0.035426 -4.602900 
1.000000 -1.000000 -1.000000 1.000000 
0.994966 1.000000 0.215396 0.064429 0.081605 0.161357 0.059131 0.035576 -4.553637 
1.000000 -1.000000 -1.000000 1.000000 
1.010789 1.000000 0.227424 0.064130 0.080545 0.159292 0.061664 0.035855 -4.502393 
1.000000 -1.000000 -1.000000 1.000000 
0.989558 1.000000 0.240275 0.063726 0.079520 0.157630 0.064317 0.036261 -4.451122 
1.000000 -1.000000 -1.000000 1.000000 
1.005178 1.000000 0.253891 0.063223 0.078435 0.156126 0.067347 0.036768 -4.397810 
1.000000 -1.000000 -1.000000 1.000000 
0.983743 1.000000 0.268259 0.062652 0.077361 0.155058 0.070321 0.037358 -4.344504 
1.000000 -1.000000 -1.000000 1.000000 
0.999166 1.000000 0.283314 0.061982 0.076266 0.154155 0.073435 0.038051 -4.289136 
1.000000 -1.000000 -1.000000 1.000000 
1.014460 1.000000 0.299041 0.061258 0.075115 0.153492 0.076658 0.038822 -4.231699 
1.000000 -1.000000 -1.000000 1.000000 
0.992705 1.000000 0.315423 0.060447 0.074014 0.153344 0.079405 0.039637 -4.174394 
1.000000 -1.000000 -1.000000 1.000000 
1.007818 1.000000 0.332390 0.059609 0.072916 0.153534 0.081921 0.040528 -4.115052 
1.000000 -1.000000 -1.000000 1.000000 
0.985904 1.000000 0.349922 0.058707 0.071858 0.154393 0.083716 0.041429 -4.055965 
1.000000 -1.000000 -1.000000 1.000000 
1.000874 1.000000 0.367945 0.057799 0.070831 0.155769 0.085166 0.042368 -3.994919 
1.000000 -1.000000 -1.000000 1.000000 
0.978837 1.000000 0.386438 0.056854 0.069885 0.158086 0.085874 0.043298 -3.934293 
1.000000 -1.000000 -1.000000 1.000000 
0.993698 1.000000 0.405326 0.055925 0.068977 0.161304 0.086250 0.044238 -3.871820 
1.000000 -1.000000 -1.000000 1.000000 
1.008474 1.000000 0.424586 0.054963 0.068116 0.165758 0.086335 0.045173 -3.807569 
1.000000 -1.000000 -1.000000 1.000000 
0.986244 1.000000 0.444193 0.054042 0.067378 0.172232 0.085893 0.046084 -3.744019 
1.000000 -1.000000 -1.000000 -1.000000 
1.000919 1.000000 0.464067 0.053126 0.066732 0.181268 0.085237 0.046957 -3.678844 
1.000000 -1.000000 -1.000000 -1.000000 
0.978841 1.000000 0.482184 0.052296 0.066089 0.192116 0.084819 0.047785 -3.614563 
1.000000 -1.000000 -1.000000 -1.000000 
0.993990 1.000000 0.498675 0.051508 0.065422 0.204608 0.084697 0.048559 -3.548846 
1.000000 -1.000000 -1.000000 -1.000000 
1.009391 1.000000 0.513668 0.050778 0.064700 0.217904 0.084784 0.049301 -3.481807 
1.000000 -1.000000 -1.000000 -1.000000 
0.988094 1.000000 0.527288 0.050071 0.064018 0.230397 0.084895 0.050006 -3.415988 
1.000000 -1.000000 -1.000000 -1.000000 
1.003977 1.000000 0.539651 0.049407 0.063296 0.240189 0.085120 0.050687 -3.348997 
1.000000 -1.000000 -1.000000 -1.000000 
0.983100 1.000000 0.550870 0.048751 0.062609 0.247157 0.085327 0.051350 -3.283356 
1.000000 -1.000000 -1.000000 -1.000000 
0.999343 1.000000 0.561046 0.048117 0.061906 0.251364 0.085597 0.051995 -3.216640 
1.000000 -1.000000 -1.000000 -1.000000 
1.015693 1.000000 0.570274 0.047484 0.061182 0.253466 0.085901 0.052657 -3.148876 
1.000000 -1.000000 -1.000000 -1.000000 
0.995197 1.000000 0.578643 0.046857 0.060503 0.254032 0.086150 0.053293 -3.082547 
1.000000 -1.000000 -1.000000 -1.000000 
1.011754 1.000000 0.586231 0.046239 0.059820 0.253323 0.086402 0.053940 -3.015215 
1.000000 -1.000000 -1.000000 -1.000000 
0.991430 1.000000 0.593111 0.045620 0.059187 0.251772 0.086589 0.054563 -2.949332 
1.000000 -1.000000 -1.000000 -1.000000 
1.008132 1.000000 0.599350 0.045010 0.058573 0.249311 0.086757 0.055186 -2.882462 
1.000000 -1.000000 -1.000000 -1.000000 
0.987929 1.000000 0.605007 0.044416 0.058018 0.246350 0.086858 0.055785 -2.817041 
1.000000 -1.000000 -1.000000 -1.000000 
1.004732 1.000000 0.610139 0.043826 0.057498 0.242781 0.086928 0.056368 -2.750635 
1.000000 -1.000000 -1.000000 -1.000000 
0.984612 1.000000 0.614793 0.043268 0.057050 0.238915 0.086932 0.056925 -2.685670 
1.000000 -1.000000 -1.000000 -1.000000 
1.001486 1.000000 0.619014 0.042718 0.056652 0.234535 0.086901 0.057458 -2.619712 
1.000000 -1.000000 -1.000000 -1.000000 
0.981425 1.000000 0.622844 0.042208 0.056333 0.230028 0.086815 0.057949 -2.555183 
1.000000 -1.000000 -1.000000 -1.000000 
0.998347 1.000000 0.626319 0.041724 0.056076 0.225106 0.086692 0.058413 -2.489656 
1.000000 -1.000000 -1.000000 -1.000000 
1.015261 1.000000 0.629473 0.041271 0.055884 0.219855 0.086538 0.058841 -2.423125 
1.000000 -1.000000 -1.000000 -1.000000 
0.995229 1.000000 0.632335 0.040869 0.055773 0.214582 0.086349 0.059218 -2.358001 
1.000000 -1.000000 -1.000000 -1.000000 
1.012172 1.000000 0.634932 0.040511 0.055728 0.208964 0.086143 0.059552 -2.291861 
1.000000 -1.000000 -1.000000 -1.000000 
0.992164 1.000000 0.637290 0.040209 0.055752 0.203350 0.085926 0.059832 -2.227116 
1.000000 -1.000000 -1.000000 1.000000 
1.009129 1.000000 0.639431 0.039960 0.055829 0.197513 0.085716 0.060064 -2.161343 
1.000000 -1.000000 -1.000000 1.000000 
0.989107 1.000000 0.643304 0.039749 0.056151 0.192506 0.085211 0.060256 -2.096904 
1.000000 -1.000000 -1.000000 1.000000 
1.005994 1.000000 0.648712 0.039593 0.056709 0.187885 0.084456 0.060408 -2.031419 
1.000000 -1.000000 -1.000000 1.000000 
0.985840 1.000000 0.655521 0.039516 0.057507 0.183861 0.083475 0.060508 -1.967330 
1.000000 -1.000000 -1.000000 1.000000 
1.002546 1.000000 0.663556 0.039545 0.058547 0.180081 0.082309 0.060544 -1.902294 
1.000000 -1.000000 -1.000000 1.000000 
0.982175 1.000000 0.672700 0.039694 0.059813 0.176687 0.080983 0.060513 -1.838751 
1.000000 -1.000000 -1.000000 1.000000 
0.998640 1.000000 0.682795 0.039990 0.061302 0.173399 0.079519 0.060395 -1.774398 
1.000000 -1.000000 -1.000000 1.000000 
1.014943 1.000000 0.693740 0.040448 0.062975 0.170191 0.077943 0.060182 -1.709311 
1.000000 -1.000000 -1.000000 1.000000 
0.994151 1.000000 0.705441 0.041052 0.064765 0.167296 0.076303 0.059891 -1.645901 
1.000000 -1.000000 -1.000000 1.000000 
1.010182 1.000000 0.717755 0.041833 0.066601 0.164444 0.074614 0.059487 -1.581938 
1.000000 -1.000000 -1.000000 1.000000 
0.989129 1.000000 0.730599 0.042746 0.068407 0.161870 0.072916 0.059002 -1.519792 
1.000000 -1.000000 -1.000000 1.000000 
1.004909 1.000000 0.743844 0.043820 0.070118 0.159338 0.071254 0.058391 -1.457282 
1.000000 -1.000000 -1.000000 1.000000 
0.983618 1.000000 0.757414 0.045000 0.071672 0.157127 0.069700 0.057702 -1.396738 
1.000000 -1.000000 -1.000000 1.000000 
0.999175 1.000000 0.771193 0.046296 0.072959 0.155007 0.068372 0.056877 -1.336045 
1.000000 -1.000000 -1.000000 1.000000 
1.014593 1.000000 0.785114 0.047674 0.073936 0.152984 0.067526 0.055914 -1.275320 
1.000000 -1.000000 -1.000000 1.000000 
0.992954 1.000000 0.799113 0.049054 0.074654 0.151377 0.067653 0.054884 -1.216791 
1.000000 -1.000000 -1.000000 1.000000 
1.008173 1.000000 0.813084 0.050440 0.074983 0.149973 0.069670 0.053709 -1.158479 
1.000000 -1.000000 -1.000000 1.000000 
0.986357 1.000000 0.826969 0.051712 0.075061 0.149092 0.073638 0.052500 -1.102515 
1.000000 -1.000000 -1.000000 1.000000 
1.001419 1.000000 0.840672 0.052915 0.074801 0.148552 0.079190 0.051158 -1.047005 
1.000000 -1.000000 -1.000000 1.000000 
0.979464 1.000000 0.854144 0.053925 0.074327 0.148719 0.084237 0.049827 -0.993988 
1.000000 -1.000000 -1.000000 1.000000 
0.994401 1.000000 0.867299 0.054758 0.073587 0.149465 0.088253 0.048430 -0.941671 
1.000000 -1.000000 -1.000000 1.000000 
1.009245 1.000000 0.880095 0.055400 0.072622 0.150977 0.091018 0.047042 -0.890191 
1.000000 -1.000000 -1.000000 1.000000 
0.987078 1.000000 0.892487 0.055727 0.071555 0.153772 0.092218 0.045852 -0.841390 
1.000000 -1.000000 -1.000000 1.000000 
1.001811 1.000000 0.904401 0.055848 0.070346 0.157950 0.092704 0.044923 -0.793689 
1.000000 -1.000000 -1.000000 -1.000000 
0.979554 1.000000 0.915801 0.055667 0.069152 0.164296 0.092325 0.044510 -0.748775 
1.000000 -1.000000 -1.000000 -1.000000 
0.994440 1.000000 0.925591 0.055290 0.067777 0.171487 0.092447 0.044673 -0.705350 
1.000000 -1.000000 -1.000000 -1.000000 
1.009567 1.000000 0.934006 0.054692 0.066307 0.179482 0.092857 0.045365 -0.663419 
1.000000 -1.000000 -1.000000 -1.000000 
0.988019 1.000000 0.941247 0.053917 0.064818 0.188285 0.093235 0.046378 -0.624283 
1.000000 -1.000000 -1.000000 -1.000000 
1.003681 1.000000 0.947486 0.052987 0.063297 0.197159 0.093730 0.047604 -0.586498 
1.000000 -1.000000 -1.000000 -1.000000 
0.982618 1.000000 0.952870 0.051932 0.061816 0.205726 0.094144 0.048908 -0.551191 
1.000000 -1.000000 -1.000000 -1.000000 
0.998704 1.000000 0.957524 0.050779 0.060333 0.213175 0.094607 0.050288 -0.517014 
1.000000 -1.000000 -1.000000 -1.000000 
1.014925 1.000000 0.961554 0.049520 0.058859 0.219104 0.095091 0.051702 -0.483876 
1.000000 -1.000000 -1.000000 -1.000000 
0.994321 1.000000 0.965050 0.048242 0.057471 0.223447 0.095478 0.053073 -0.452750 
1.000000 -1.000000 -1.000000 1.000000 
1.010788 1.000000 0.968088 0.046906 0.056119 0.226905 0.095863 0.054438 -0.422466 
1.000000 -1.000000 -1.000000 1.000000 
0.990282 1.000000 0.971409 0.045555 0.054998 0.231069 0.095654 0.055706 -0.393759 
1.000000 -1.000000 -1.000000 1.000000 
1.006664 1.000000 0.974899 0.044171 0.054069 0.235635 0.095025 0.056909 -0.365678 
1.000000 -1.000000 -1.000000 1.000000 
0.985987 1.000000 0.978467 0.042852 0.053419 0.240530 0.093984 0.057996 -0.339252 
1.000000 -1.000000 -1.000000 1.000000 
1.002154 1.000000 0.982008 0.041608 0.053034 0.245189 0.092650 0.058987 -0.313714 
1.000000 -1.000000 -1.000000 1.000000 
0.981244 1.000000 0.985439 0.040507 0.053005 0.249651 0.091030 0.059844 -0.290017 
1.000000 -1.000000 -1.000000 1.000000 
0.997172 1.000000 0.988669 0.039569 0.053343 0.253463 0.089199 0.060584 -0.267511 
1.000000 -1.000000 -1.000000 1.000000 
1.012946 1.000000 0.991625 0.038829 0.054118 0.256520 0.087182 0.061199 -0.246351 
1.000000 -1.000000 -1.000000 -1.000000 
0.991644 1.000000 0.994238 0.038330 0.055407 0.259025 0.085000 0.061674 -0.227298 
1.000000 -1.000000 -1.000000 -1.000000 
1.007364 1.000000 0.996193 0.038105 0.057047 0.259700 0.082937 0.061980 -0.210076 
1.000000 -1.000000 -1.000000 -1.000000 
0.986276 1.000000 0.997620 0.038140 0.059016 0.259152 0.080954 0.062110 -0.195127 
1.000000 -1.000000 -1.000000 -1.000000 
1.002308 1.000000 0.998629 0.038434 0.061321 0.257466 0.078995 0.062052 -0.181911 
1.000000 -1.000000 -1.000000 -1.000000 
0.981542 1.000000 0.999306 0.038944 0.063877 0.255065 0.077072 0.061828 -0.170650 
1.000000 -1.000000 -1.000000 -1.000000 
0.997871 1.000000 0.999724 0.039682 0.066678 0.251869 0.075136 0.061417 -0.160898 
1.000000 -1.000000 -1.000000 -1.000000 
1.014291 1.000000 0.999939 0.040624 0.069651 0.248022 0.073178 0.060821 -0.152538 
1.000000 -1.000000 -1.000000 -1.000000 
0.993851 1.000000 1.000000 0.041713 0.072655 0.243900 0.071245 0.060087 -0.145651 
1.000000 -1.000000 -1.000000 -1.000000 
1.010454 1.000000 0.999943 0.042969 0.075680 0.239260 0.069286 0.059179 -0.139952 
1.000000 -1.000000 -1.000000 -1.000000 
0.990169 1.000000 0.999798 0.044320 0.078584 0.234463 0.067359 0.058156 -0.135459 
1.000000 -1.000000 -1.000000 -1.000000 
1.006903 1.000000 0.999591 0.045795 0.081362 0.229305 0.065410 0.056975 -0.131967 
1.000000 -1.000000 -1.000000 -1.000000 
0.986726 1.000000 0.999338 0.047315 0.083876 0.224075 0.063509 0.055707 -0.129447 
1.000000 -1.000000 -1.000000 -1.000000 
1.003551 1.000000 0.999057 0.048917 0.086158 0.218521 0.061603 0.054304 -0.127773 
1.000000 -1.000000 -1.000000 -1.000000 
0.983450 1.000000 0.998758 0.050520 0.088009 0.212992 0.059761 0.052844 -0.126877 
1.000000 -1.000000 -1.000000 -1.000000 
1.000339 1.000000 0.998451 0.052159 0.089900 0.207193 0.057935 0.051279 -0.126699 
1.000000 -1.000000 -1.000000 -1.000000 
0.980291 1.000000 0.998142 0.053762 0.091222 0.201394 0.056197 0.049690 -0.127134 
1.000000 -1.000000 -1.000000 1.000000 
0.997225 1.000000 0.997837 0.055364 0.092249 0.195405 0.054500 0.048025 -0.128185 
1.000000 -1.000000 -1.000000 1.000000 
1.014100 1.000000 0.997338 0.056974 0.093266 0.189636 0.052758 0.046383 -0.129618 
1.000000 -1.000000 -1.000000 1.000000 
0.993951 1.000000 0.996609 0.058543 0.094242 0.184172 0.051067 0.044820 -0.131443 
1.000000 -1.000000 -1.000000 1.000000 
1.010672 1.000000 0.995611 0.060102 0.095135 0.178824 0.049343 0.043261 -0.133940 
1.000000 -1.000000 -1.000000 1.000000 
0.990323 1.000000 0.994293 0.061612 0.095865 0.173718 0.047539 0.041773 -0.137123 
1.000000 -1.000000 -1.000000 1.000000 
1.006812 1.000000 0.992609 0.063028 0.096457 0.168655 0.045861 0.040264 -0.141379 
1.000000 -1.000000 -1.000000 1.000000 
0.986214 1.000000 0.990506 0.064552 0.096805 0.163744 0.044242 0.038818 -0.146616 
1.000000 -1.000000 -1.000000 1.000000 
1.002443 1.000000 0.987940 0.066026 0.096922 0.158821 0.042690 0.037346 -0.153288 
1.000000 -1.000000 -1.000000 1.000000 
0.981585 1.000000 0.984860 0.067349 0.096809 0.154105 0.041241 0.035944 -0.161171 
1.000000 -1.000000 -1.000000 1.000000 
0.997559 1.000000 0.981229 0.068640 0.096332 0.149271 0.039934 0.034540 -0.170806 
1.000000 -1.000000 -1.000000 1.000000 
1.013376 1.000000 0.977003 0.069819 0.095543 0.144387 0.038839 0.033018 -0.182341 
1.000000 -1.000000 -1.000000 1.000000 
0.992112 1.000000 0.972139 0.070869 0.094466 0.139695 0.038131 0.031671 -0.195320 
1.000000 -1.000000 -1.000000 1.000000 
1.007687 1.000000 0.966614 0.071753 0.092971 0.134922 0.038138 0.030366 -0.210452 
1.000000 -1.000000 -1.000000 1.000000 
0.986202 1.000000 0.960393 0.072451 0.091229 0.130309 0.041809 0.029220 -0.227109 
1.000000 -1.000000 -1.000000 1.000000 
1.001574 1.000000 0.953468 0.072919 0.089141 0.125641 0.291792 0.028210 -0.246123 
1.000000 -1.000000 -1.000000 1.000000 
0.979904 1.000000 0.945812 0.073136 0.086809 0.121167 0.299321 0.027472 -0.266673 
1.000000 -1.000000 -1.000000 1.000000 
0.995106 1.000000 0.937425 0.073048 0.084097 0.116620 0.307077 0.027069 -0.289730 
1.000000 -1.000000 -1.000000 1.000000 
1.010194 1.000000 0.928291 0.072652 0.081077 0.112001 0.314744 0.027267 -0.315352 
1.000000 -1.000000 -1.000000 1.000000 
0.988251 1.000000 0.918392 0.071862 0.077903 0.107582 0.322582 0.028722 -0.342465 
1.000000 -1.000000 -1.000000 1.000000 
1.003190 1.000000 0.907746 0.070730 0.074476 0.103113 0.329947 0.032325 -0.372256 
1.000000 -1.000000 -1.000000 1.000000 
0.981121 1.000000 0.896345 0.069148 0.070958 0.098821 0.337288 0.037141 -0.403446 
1.000000 -1.000000 -1.000000 1.000000 
0.995950 1.000000 0.884214 0.067220 0.067234 0.094473 0.344240 0.042634 -0.437360 
1.000000 -1.000000 -1.000000 1.000000 
1.010694 1.000000 0.871353 0.064781 0.063315 0.090072 0.351010 0.048362 -0.474012 
1.000000 -1.000000 -1.000000 1.000000 
0.988433 1.000000 0.857759 0.062027 0.059410 0.085854 0.358201 0.053808 -0.511882 
1.000000 -1.000000 -1.000000 1.000000 
1.003079 1.000000 0.843473 0.058834 0.055405 0.081563 0.365605 0.059063 -0.552496 
1.000000 -1.000000 -1.000000 1.000000 
0.980742 1.000000 0.828499 0.055370 0.051472 0.077463 0.373872 0.063807 -0.594167 
1.000000 -1.000000 -1.000000 1.000000 
0.995327 1.000000 0.812885 0.051571 0.047491 0.073280 0.382865 0.068258 -0.638545 
1.000000 -1.000000 -1.000000 1.000000 
1.009846 1.000000 0.796640 0.047498 0.043481 0.069012 0.392832 0.072416 -0.685602 
1.000000 -1.000000 -1.000000 1.000000 
0.987381 1.000000 0.779773 0.043301 0.039605 0.064913 0.404413 0.076072 -0.733421 
1.000000 -1.000000 -1.000000 1.000000 
1.001840 1.000000 0.762341 0.038979 0.035742 0.060699 0.417214 0.079474 -0.783849 
1.000000 -1.000000 -1.000000 1.000000 
0.979335 1.000000 0.744358 0.034681 0.032043 0.056632 0.431518 0.082447 -0.834821 
1.000000 -1.000000 -1.000000 1.000000 
0.993767 1.000000 0.725886 0.030406 0.028388 0.052434 0.446433 0.085211 -0.888283 
1.000000 -1.000000 -1.000000 1.000000 
1.008148 1.000000 0.706939 0.026170 0.024788 0.048085 0.461332 0.087782 -0.944182 
1.000000 -1.000000 -1.000000 1.000000 
0.985559 1.000000 0.687536 0.022175 0.021377 0.043811 0.476085 0.090030 -1.000270 
1.000000 -1.000000 -1.000000 1.000000 
0.999905 1.000000 0.667744 0.018336 0.018045 0.039330 0.489797 0.092122 -1.058642 
1.000000 -1.000000 -1.000000 1.000000 
1.014202 1.000000 0.647581 0.014694 0.014798 0.034575 0.216478 0.094071 -1.119229 
1.000000 -1.000000 -1.000000 1.000000 
0.991531 1.000000 0.627069 0.011378 0.011756 0.029740 0.201954 0.095774 -1.179637 
1.000000 -1.000000 -1.000000 1.000000 
1.005798 1.000000 0.606280 0.008299 0.008823 0.024462 0.191155 0.097359 -1.242077 
1.000000 -1.000000 -1.000000 1.000000 
0.983116 1.000000 0.585236 0.005568 0.006100 0.018835 0.182000 0.098743 -1.304085 
1.000000 -1.000000 -1.000000 1.000000 
0.848702 1.000000 0.598290 0.004741 0.005061 0.014500 0.192285 0.100459 -1.365729 
1.000000 -1.000000 -1.000000 1.000000 
0.761327 1.000000 0.642823 0.005494 0.005424 0.012680 0.461813 0.103263 -1.421787 
1.000000 -1.000000 -1.000000 -1.000000 
0.709312 1.000000 0.599810 0.004780 0.005075 0.014417 0.196543 0.100438 -1.470204 
1.000000 -1.000000 -1.000000 -1.000000 
0.668065 1.000000 0.600237 0.004786 0.005078 0.014445 0.202483 0.100380 -1.516428 
-1.000000 -1.000000 -1.000000 -1.000000 
0.592958 1.000000 0.630591 0.005470 0.005513 0.013657 0.456845 0.101847 -1.559517 
-1.000000 -1.000000 -1.000000 -1.000000 
0.521796 1.000000 0.636243 0.005303 0.005297 0.012860 0.444983 0.102345 -1.597099 
-1.000000 -1.000000 -1.000000 -1.000000 
0.473561 1.000000 0.600760 0.004688 0.004985 0.014386 0.478119 0.100222 -1.628300 
-1.000000 -1.000000 -1.000000 -1.000000 
0.417476 1.000000 0.584961 0.004500 0.004922 0.015653 0.193699 0.099375 -1.656582 
-1.000000 -1.000000 -1.000000 -1.000000 
0.373737 1.000000 0.582434 0.004474 0.004923 0.016035 0.193389 0.099185 -1.682134 
-1.000000 -1.000000 -1.000000 -1.000000 
0.332732 1.000000 0.589786 0.004564 0.004965 0.015564 0.478148 0.099438 -1.705146 
-1.000000 -1.000000 -1.000000 -1.000000 
0.291387 1.000000 0.606161 0.004767 0.005053 0.014520 0.459634 0.100150 -1.725702 
-1.000000 -1.000000 -1.000000 -1.000000 
0.249702 1.000000 0.630834 0.005084 0.005169 0.013223 0.430238 0.101477 -1.743869 
-1.000000 -1.000000 -1.000000 -1.000000 
0.209239 1.000000 0.630881 0.005081 0.005172 0.013281 0.428052 0.101414 -1.758534 
-1.000000 -1.000000 -1.000000 -1.000000 
0.173293 1.000000 0.626134 0.005016 0.005155 0.013577 0.431817 0.101069 -1.770509 
-1.000000 -1.000000 -1.000000 -1.000000 
0.139370 1.000000 0.627983 0.005060 0.005188 0.013580 0.428301 0.101115 -1.780364 
-1.000000 -1.000000 -1.000000 -1.000000 
0.111433 1.000000 0.634212 0.005136 0.005212 0.013285 0.419760 0.101463 -1.788356 
-1.000000 -1.000000 -1.000000 -1.000000 
0.084986 1.000000 0.643834 0.005263 0.005252 0.012853 0.406954 0.102063 -1.794646 
-1.000000 -1.000000 -1.000000 -1.000000 
0.061078 1.000000 0.643514 0.005255 0.005250 0.012880 0.406715 0.102023 -1.798936 
-1.000000 -1.000000 -1.000000 -1.000000 
0.039772 1.000000 0.643292 0.005248 0.005247 0.012896 0.406576 0.101997 -1.801727 
-1.000000 -1.000000 -1.000000 -1.000000 
0.020673 1.000000 0.643180 0.005245 0.005246 0.012903 0.406499 0.101984 -1.803178 
-1.000000 -1.000000 -1.000000 -1.000000 
0.002694 1.000000 0.643139 0.005266 0.005268 0.012962 0.406540 0.101958 -1.803380 
-1.000000 -1.000000 -1.000000 -1.000000 
0.016726 1.000000 0.643103 0.005325 0.005327 0.013109 0.406789 0.101902 -1.802378 
-1.000000 -1.000000 -1.000000 -1.000000 
0.001867 1.000000 0.643070 0.005327 0.005329 0.013117 0.406813 0.101897 -1.802511 
-1.000000 -1.000000 -1.000000 -1.000000 
0.016675 1.000000 0.643040 0.005376 0.005377 0.013236 0.407050 0.101853 -1.801480 
-1.000000 -1.000000 -1.000000 -1.000000 
0.001823 1.000000 0.643012 0.005372 0.005374 0.013230 0.407065 0.101853 -1.801597 
-1.000000 -1.000000 -1.000000 -1.000000 
0.016651 1.000000 0.642988 0.005419 0.005420 0.013344 0.407294 0.101811 -1.800555 
-1.000000 -1.000000 -1.000000 -1.000000 
0.001841 1.000000 0.642965 0.005413 0.005415 0.013333 0.407301 0.101814 -1.800672 
-1.000000 -1.000000 -1.000000 -1.000000 
0.016629 1.000000 0.642945 0.005459 0.005461 0.013446 0.407524 0.101772 -1.799632 
-1.000000 -1.000000 -1.000000 -1.000000 
0.001863 1.000000 0.642926 0.005454 0.005456 0.013435 0.407527 0.101775 -1.799747 
-1.000000 -1.000000 -1.000000 -1.000000 
0.016607 1.000000 0.642909 0.005500 0.005501 0.013547 0.407746 0.101734 -1.798704 
-1.000000 -1.000000 -1.000000 -1.000000 
0.001884 1.000000 0.642894 0.005494 0.005495 0.013534 0.407743 0.101738 -1.798826 
-1.000000 -1.000000 -1.000000 -1.000000 
0.016586 1.000000 0.642879 0.005539 0.005541 0.013645 0.407957 0.101697 -1.797788 
-1.000000 -1.000000 -1.000000 -1.000000 
0.001906 1.000000 0.642867 0.005534 0.005535 0.013632 0.407951 0.101701 -1.797905 
-1.000000 -1.000000 -1.000000 -1.000000 
0.016564 1.000000 0.642855 0.005579 0.005580 0.013743 0.408160 0.101661 -1.796867 
-1.000000 -1.000000 -1.000000 -1.000000 
0.001928 1.000000 0.642845 0.005574 0.005575 0.013730 0.408151 0.101665 -1.796987 
-1.000000 -1.000000 -1.000000 -1.000000 
0.016542 1.000000 0.642835 0.005619 0.005620 0.013841 0.408354 0.101624 -1.795951 
-1.000000 -1.000000 -1.000000 -1.000000 
0.001949 1.000000 0.642826 0.005614 0.005615 0.013829 0.408342 0.101628 -1.796074 
-1.000000 -1.000000 -1.000000 -1.000000 
0.016521 1.000000 0.642819 0.005659 0.005659 0.013938 0.408542 0.101589 -1.795040 
-1.000000 -1.000000 -1.000000 -1.000000 
0.001971 1.000000 0.642811 0.005654 0.005654 0.013925 0.408529 0.101593 -1.795161 
-1.000000 -1.000000 -1.000000 -1.000000 
0.016499 1.000000 0.642805 0.005699 0.005699 0.014036 0.408727 0.101553 -1.794125 
-1.000000 -1.000000 -1.000000 -1.000000 
0.001992 1.000000 0.642799 0.005694 0.005694 0.014024 0.408712 0.101557 -1.794251 
-1.000000 -1.000000 -1.000000 -1.000000 
0.016478 1.000000 0.642794 0.005740 0.005739 0.014134 0.408909 0.101517 -1.793218 
-1.000000 -1.000000 -1.000000 -1.000000 
0.002014 1.000000 0.642789 0.005734 0.005734 0.014122 0.408892 0.101521 -1.793344 
-1.000000 -1.000000 -1.000000 -1.000000 
0.016456 1.000000 0.642784 0.005780 0.005779 0.014233 0.409088 0.101481 -1.792311 
-1.000000 -1.000000 -1.000000 -1.000000 
0.002035 1.000000 0.642780 0.005774 0.005773 0.014219 0.409070 0.101486 -1.792439 
-1.000000 -1.000000 -1.000000 -1.000000 
0.016435 1.000000 0.642776 0.005819 0.005818 0.014328 0.409264 0.101447 -1.791409 
-1.000000 -1.000000 -1.000000 -1.000000 
0.002056 1.000000 0.642773 0.005813 0.005813 0.014314 0.409244 0.101451 -1.791539 
-1.000000 -1.000000 -1.000000 -1.000000 
0.016414 1.000000 0.642770 0.005858 0.005858 0.014423 0.409437 0.101412 -1.790511 
-1.000000 -1.000000 -1.000000 -1.000000 
0.002078 1.000000 0.642767 0.005852 0.005852 0.014409 0.409416 0.101417 -1.790642 
-1.000000 -1.000000 -1.000000 -1.000000 
0.016393 1.000000 0.642764 0.005898 0.005897 0.014518 0.409609 0.101378 -1.789611 
-1.000000 -1.000000 -1.000000 -1.000000 
0.002099 1.000000 0.642762 0.005892 0.005891 0.014504 0.409588 0.101383 -1.789742 
-1.000000 -1.000000 -1.000000 -1.000000 
0.016372 1.000000 0.642760 0.005937 0.005936 0.014614 0.409780 0.101343 -1.788714 
-1.000000 -1.000000 -1.000000 -1.000000 
0.002120 1.000000 0.642758 0.005931 0.005931 0.014600 0.409758 0.101348 -1.788848 
-1.000000 -1.000000 -1.000000 -1.000000 
0.016350 1.000000 0.642756 0.005977 0.005976 0.014709 0.409949 0.101309 -1.787823 
-1.000000 -1.000000 -1.000000 -1.000000 
0.002141 1.000000 0.642755 0.005971 0.005970 0.014696 0.409926 0.101313 -1.787956 
-1.000000 -1.000000 -1.000000 -1.000000 
0.016329 1.000000 0.642753 0.006017 0.006015 0.014805 0.410117 0.101274 -1.786931 
-1.000000 -1.000000 -1.000000 -1.000000 
0.002162 1.000000 0.642752 0.006011 0.006010 0.014791 0.410094 0.101279 -1.787065 
-1.000000 -1.000000 -1.000000 -1.000000 
0.016309 1.000000 0.642751 0.006057 0.006055 0.014901 0.410285 0.101240 -1.786043 
-1.000000 -1.000000 -1.000000 -1.000000 
0.002183 1.000000 0.642750 0.006050 0.006049 0.014886 0.410260 0.101245 -1.786181 
-1.000000 -1.000000 -1.000000 -1.000000 
0.016288 1.000000 0.642749 0.006096 0.006093 0.014993 0.410449 0.101206 -1.785161 
-1.000000 -1.000000 -1.000000 -1.000000 
0.002204 1.000000 0.642748 0.006089 0.006087 0.014978 0.410424 0.101212 -1.785300 
-1.000000 -1.000000 -1.000000 -1.000000 
0.016267 1.000000 0.642747 0.006135 0.006132 0.015086 0.410613 0.101173 -1.784279 
-1.000000 -1.000000 -1.000000 -1.000000 
0.002224 1.000000 0.642746 0.006128 0.006126 0.015071 0.410588 0.101178 -1.784420 
-1.000000 -1.000000 -1.000000 -1.000000 
0.016246 1.000000 0.642746 0.006174 0.006170 0.015179 0.410776 0.101139 -1.783403 
-1.000000 -1.000000 -1.000000 -1.000000 
0.002245 1.000000 0.642745 0.006167 0.006164 0.015164 0.410751 0.101145 -1.783545 
-1.000000 -1.000000 -1.000000 -1.000000 
0.016225 1.000000 0.642745 0.006212 0.006208 0.015271 0.410938 0.101106 -1.782529 
-1.000000 -1.000000 -1.000000 -1.000000 
0.002266 1.000000 0.642744 0.006206 0.006202 0.015256 0.410912 0.101112 -1.782670 
-1.000000 -1.000000 -1.000000 -1.000000 
0.016205 1.000000 0.642744 0.006251 0.006247 0.015364 0.411101 0.101073 -1.781653 
-1.000000 -1.000000 -1.000000 -1.000000 
0.002286 1.000000 0.642743 0.006245 0.006241 0.015349 0.411075 0.101078 -1.781797 
-1.000000 -1.000000 -1.000000 -1.000000 
0.016184 1.000000 0.642743 0.006291 0.006286 0.015458 0.411262 0.101039 -1.780783 
-1.000000 -1.000000 -1.000000 -1.000000 
0.002307 1.000000 0.642742 0.006284 0.006279 0.015443 0.411237 0.101044 -1.780927 
-1.000000 -1.000000 -1.000000 -1.000000 
0.016164 1.000000 0.642742 0.006330 0.006324 0.015552 0.411424 0.101005 -1.779913 
-1.000000 -1.000000 -1.000000 -1.000000 
0.002327 1.000000 0.642741 0.006324 0.006318 0.015537 0.411399 0.101011 -1.780057 
-1.000000 -1.000000 -1.000000 -1.000000 
0.016143 1.000000 0.642741 0.006368 0.006362 0.015644 0.411585 0.100972 -1.779044 
-1.000000 -1.000000 -1.000000 -1.000000 
0.002348 1.000000 0.642741 0.006362 0.006356 0.015627 0.411559 0.100978 -1.779193 
-1.000000 -1.000000 -1.000000 -1.000000 
0.016123 1.000000 0.642741 0.006407 0.006400 0.015734 0.411744 0.100940 -1.778184 
-1.000000 -1.000000 -1.000000 -1.000000 
0.002368 1.000000 0.642741 0.006400 0.006393 0.015718 0.411717 0.100945 -1.778332 
-1.000000 -1.000000 -1.000000 -1.000000 
0.016103 1.000000 0.642741 0.006445 0.006438 0.015825 0.411903 0.100907 -1.777323 
-1.000000 -1.000000 -1.000000 -1.000000 
0.002388 1.000000 0.642741 0.006438 0.006431 0.015809 0.411875 0.100913 -1.777472 
-1.000000 -1.000000 -1.000000 -1.000000 
0.016082 1.000000 0.642741 0.006483 0.006475 0.015916 0.412061 0.100874 -1.776462 
-1.000000 -1.000000 -1.000000 -1.000000 
0.002409 1.000000 0.642741 0.006476 0.006469 0.015900 0.412033 0.100880 -1.776614 
-1.000000 -1.000000 -1.000000 -1.000000 
0.016062 1.000000 0.642741 0.006521 0.006513 0.016007 0.412219 0.100841 -1.775607 
-1.000000 -1.000000 -1.000000 -1.000000 
0.002429 1.000000 0.642741 0.006515 0.006507 0.015991 0.412191 0.100847 -1.775759 
-1.000000 -1.000000 -1.000000 -1.000000 
0.016042 1.000000 0.642741 0.006560 0.006551 0.016099 0.412376 0.100809 -1.774752 
-1.000000 -1.000000 -1.000000 -1.000000 
0.002449 1.000000 0.642741 0.006553 0.006544 0.016083 0.412349 0.100814 -1.774904 
-1.000000 -1.000000 -1.000000 -1.000000 
